7.3463e-01
4.0034e-01
1.2752e+00
1.4527e+00
-1.3657e-01
1.7339e+00
1.0658e+00
2.7142e+00
-5.5616e-01
1.1708e+00
-3.2888e-01
2.4921e-01
1.7019e-01
-1.0193e-02
1.0877e+00
-1.3122e+00
1.4383e+00
-2.0354e-01
-3.8475e-01
-5.0111e-02
3.5507e-01
2.5209e-01
1.2520e-01
-1.5007e-01
2.2854e+00
4.8683e-01
2.3119e+00
4.3992e-01
1.3454e-01
-3.8700e-01
1.8416e+00
6.0315e-01
2.1284e+00
8.0440e-01
-1.1543e-01
-9.8202e-01
1.1331e+00
-1.0124e+00
-1.6656e-01
-1.2546e+00
-7.9788e-01
2.3751e-01
-2.8561e-01
-7.8295e-01
-1.7905e-01
-6.6188e-02
1.8325e-01
6.9684e-01
1.1521e+00
-4.4595e-01
-1.0895e-01
2.2096e+00
1.1401e+00
-6.3395e-01
1.1916e+00
8.9670e-02
-9.8516e-01
-1.5391e+00
7.4473e-02
3.8705e-01
8.5420e-01
1.0910e+00
2.0796e+00
-1.3712e+00
1.4243e-01
8.9975e-02
-5.6510e-01
1.2702e+00
1.2060e+00
3.6140e-01
-6.3858e-01
1.8716e+00
6.2934e-01
-9.2913e-01
1.5254e-01
8.1667e-01
-5.1306e-01
3.9324e-02
4.5533e-02
6.2348e-01
-1.3130e-01
-1.1308e+00
6.9905e-01
-3.4595e-01
1.1711e+00
-1.6811e+00
1.0643e+00
6.2660e-01
-1.0633e+00
8.7013e-02
-1.2821e+00
-5.9279e-01
-3.8257e-01
-5.7858e-01
2.0597e+00
-9.7769e-01
-9.7378e-01
2.7497e-01
2.3108e+00
-2.3024e-01
5.4899e-02
2.7330e+00
-3.7180e-01
1.3803e+00
1.5188e+00
1.1760e+00
1.1303e+00
-1.4632e-01
8.6336e-01
1.3607e+00
2.1901e+00
7.5146e-01
1.1511e-01
-7.2915e-01
1.9506e-01
-1.1170e+00
-6.6631e-01
-1.0633e+00
1.2046e+00
6.7311e-01
1.5428e+00
-1.0772e-01
2.5165e+00
2.4646e+00
1.2402e+00
-2.3555e-01
1.1051e+00
-4.6285e-01
