1.651448913137742281e+08
1.613787071141443253e+08
1.122197632814368010e+08
9.732605154671649635e+07
9.578336932339675725e+07
9.523721465251854062e+07
9.165381727317579091e+07
8.539897406709921360e+07
8.300732424082960188e+07
8.269144769208517671e+07
8.106963422322809696e+07
7.871463359093345702e+07
7.764240071676182747e+07
7.738905443413683772e+07
7.679023661149482429e+07
7.596017146457684040e+07
7.552102320542600751e+07
7.534693164806093276e+07
7.529269926193448901e+07
7.526878571627318859e+07
7.523292743723335862e+07
7.519068468847218156e+07
7.515395982303732634e+07
7.513016911420795321e+07
7.511587454499137402e+07
7.511291565417791903e+07
7.487896278643748164e+07
7.456671409734167159e+07
7.442019274957637489e+07
7.434921180248092115e+07
7.431005568851304054e+07
7.428916170562680066e+07
7.427917321039530635e+07
7.427344618006394804e+07
7.426637977027834952e+07
7.425851517813785374e+07
7.425054817895214260e+07
7.424395595638500154e+07
7.424054615060888231e+07
7.423962828028929234e+07
7.423949688848224282e+07
7.423887315872232616e+07
7.420829512601874769e+07
7.416933756722244620e+07
7.415600617054250836e+07
7.414940742324039340e+07
7.414536716140517592e+07
7.414243678369458020e+07
7.414021659088084102e+07
7.413849328294302523e+07
7.413709526644220948e+07
7.413595149292524159e+07
7.413500120361287892e+07
7.413421045440572500e+07
7.413354162747362256e+07
7.413298129314358532e+07
7.413250022664123774e+07
7.413209220665940642e+07
7.413174041221676767e+07
7.413143736017619073e+07
7.413117305961593986e+07
7.413094387856791914e+07
7.413074104996909201e+07
7.413056280193248391e+07
7.413040327765384316e+07
7.413026092017786205e+07
7.413001540096987784e+07
7.412958614825336635e+07
7.412917867698124051e+07
7.412911112824065983e+07
7.412909544981683791e+07
7.412885706404444575e+07
7.412865542431728542e+07
7.412844475617171824e+07
7.412836057991996408e+07
7.412827448833037913e+07
7.412820623506891727e+07
7.412814644814632833e+07
7.412809815890513361e+07
7.412805526117375493e+07
7.412801918264664710e+07
7.412798587055970728e+07
7.412793066557985544e+07
7.412782337615539134e+07
7.412769163767285645e+07
7.412760697157387435e+07
7.412758078433430195e+07
7.412755004440724850e+07
7.412749977216920257e+07
7.412743893192946911e+07
7.412740052186405659e+07
7.412735771963120997e+07
7.412733432828465104e+07
7.412730629161946476e+07
7.412728864942286909e+07
7.412726742801469564e+07
7.412725348678702116e+07
7.412723665169739723e+07
7.412721517032885551e+07
7.412716527144341171e+07
7.412712107301497459e+07
7.412710344112049043e+07
7.412710165618748963e+07
7.412708965147468448e+07
7.412708321171894670e+07
7.412706392503939569e+07
7.412705140146850049e+07
7.412703359000056982e+07
7.412702732619568706e+07
7.412701672020453215e+07
7.412701093548649549e+07
7.412700225365692377e+07
7.412699733849111199e+07
7.412698400577722490e+07
7.412696610378359258e+07
7.412693707881578803e+07
7.412693357956077158e+07
7.412692945019392669e+07
7.412692170105047524e+07
7.412691789772216976e+07
7.412690928759384155e+07
7.412689998213300109e+07
7.412689328367143869e+07
7.412688737384785712e+07
7.412688294908420742e+07
7.412687872975467145e+07
7.412687537189854681e+07
7.412686910381275415e+07
7.412685839849303663e+07
7.412684537963148952e+07
7.412683910605175793e+07
7.412683659242874384e+07
7.412682622274561226e+07
7.412681902508676052e+07
7.412679544846861064e+07
7.412679285910986364e+07
7.412678879122340679e+07
7.412678532230512798e+07
7.412678108892729878e+07
7.412677880900996923e+07
7.412677678036749363e+07
7.412677549506978691e+07
7.412677429782737792e+07
7.412677309462539852e+07
7.412677213420855999e+07
7.412677120240528882e+07
7.412677048817436397e+07
7.412676977608349919e+07
7.412676870823492110e+07
7.412676651083803177e+07
7.412676407919259369e+07
7.412676293897044659e+07
7.412676251293553412e+07
7.412676173338323832e+07
7.412675777689379454e+07
7.412675375437693298e+07
7.412674556938573718e+07
7.412674553689144552e+07
7.412674466091072559e+07
7.412674459593790770e+07
7.412674362026244402e+07
7.412674301547564566e+07
7.412674194091136754e+07
7.412674157097816467e+07
7.412674088680672646e+07
7.412674065336248279e+07
7.412674023025949299e+07
7.412674006426881254e+07
7.412673979162248969e+07
7.412673967688868940e+07
7.412673950466997921e+07
7.412673942687867582e+07
7.412673931916928291e+07
7.412673926756431162e+07
7.412673920041437447e+07
7.412673916666971147e+07
7.412673912451948225e+07
7.412673910242801905e+07
7.412673907542194426e+07
7.412673906071059406e+07
7.412673904283873737e+07
7.412673903272312880e+07
7.412673902037711442e+07
7.412673901312322915e+07
7.412673900417616963e+07
7.412673899872587621e+07
7.412673899190977216e+07
7.412673898761746287e+07
7.412673897728437185e+07
7.412673896254761517e+07
7.412673893967521191e+07
7.412673893788716197e+07
7.412673893540300429e+07
7.412673892820395529e+07
7.412673892264202237e+07
7.412673891176080704e+07
7.412673888941906393e+07
7.412673887976814806e+07
7.412673887957108021e+07
7.412673887803526223e+07
7.412673887303222716e+07
7.412673886930350959e+07
7.412673886367131770e+07
7.412673886128355563e+07
7.412673885767471790e+07
7.412673885611414909e+07
7.412673885373842716e+07
7.412673885267862678e+07
7.412673885104587674e+07
7.412673885029156506e+07
7.412673884911316633e+07
7.412673884854394197e+07
7.412673884764291346e+07
7.412673884678223729e+07
7.412673884430196881e+07
7.412673884233741462e+07
7.412673883968439698e+07
7.412673883909830451e+07
7.412673883815608919e+07
7.412673883719612658e+07
7.412673883603806794e+07
7.412673883499526978e+07
7.412673883412170410e+07
7.412673883341248333e+07
7.412673883283151686e+07
7.412673883235538006e+07
7.412673883194898069e+07
7.412673883160567284e+07
7.412673883129978180e+07
7.412673883078902960e+07
7.412673882982783020e+07
7.412673882862909138e+07
7.412673882799494267e+07
7.412673882791632414e+07
7.412673882748572528e+07
7.412673882623426616e+07
7.412673882547992468e+07
7.412673882301072776e+07
7.412673882289971411e+07
7.412673882249255478e+07
7.412673882237130404e+07
7.412673882191453874e+07
7.412673882176505029e+07
7.412673882140319049e+07
7.412673882094846666e+07
7.412673882041831315e+07
7.412673882013350725e+07
7.412673881992679834e+07
7.412673881967304647e+07
7.412673881941592693e+07
7.412673881920373440e+07
7.412673881899784505e+07
7.412673881885504723e+07
7.412673881874561310e+07
7.412673881865684688e+07
7.412673881859518588e+07
7.412673881854596734e+07
7.412673881850801408e+07
7.412673881847888231e+07
7.412673881845726073e+07
7.412673881843867898e+07
7.412673881842824817e+07
7.412673881841453910e+07
7.412673881840695441e+07
7.412673881839716434e+07
7.412673881839317083e+07
7.412673881838686764e+07
7.412673881838206947e+07
7.412673881838040054e+07
7.412673881837582588e+07
7.412673881837102771e+07
7.412673881835827231e+07
7.412673881834369898e+07
7.412673881833922863e+07
7.412673881833870709e+07
7.412673881833791733e+07
7.412673881832212210e+07
7.412673881831423938e+07
7.412673881828585267e+07
7.412673881828482449e+07
