3.702240630669796519e+04
3.931430714037285361e+04
3.028267128335973393e+04
2.327013935870823479e+04
2.249569325379726070e+04
2.485542896915101664e+04
2.401313859779255654e+04
2.035708655188628472e+04
1.947884299014789212e+04
2.050944130332505301e+04
1.904942357439769694e+04
1.635652095486890903e+04
1.575308835531234763e+04
1.658655983399189790e+04
1.505844932424857871e+04
1.256258823852324349e+04
1.181650349382302011e+04
1.244122246479106798e+04
1.352133927804634368e+04
1.432979353451200768e+04
1.463525192062110182e+04
1.459166539466976610e+04
1.455546401011178386e+04
1.456308141741758664e+04
1.465099033992798104e+04
1.473985796127238063e+04
1.221590026081175711e+04
8.740009424175743334e+03
7.410646878243279389e+03
7.329694517989236374e+03
7.626942866787750063e+03
7.919929491451206559e+03
8.139435074872402765e+03
8.200479284925599131e+03
8.106125421686476329e+03
7.950685812707766672e+03
7.720898425610327649e+03
7.564522307943389023e+03
7.507487910292013112e+03
7.534528189567072332e+03
7.611996876361483373e+03
7.678681031594444903e+03
5.800199550902666488e+03
3.090791522363481363e+03
1.989037076921524658e+03
1.461934194907819347e+03
1.180212340599757681e+03
9.945862957882739011e+02
8.639251775943055236e+02
7.673581407066012616e+02
6.878643933239534363e+02
6.213107514641162652e+02
5.634916672312040191e+02
5.137148814457311801e+02
4.691807321839966676e+02
4.307825683937176109e+02
3.960269942166276564e+02
3.657529706542093209e+02
3.385270006267053873e+02
3.144925032752142329e+02
2.927423620797882791e+02
2.736736569576457896e+02
2.563391142256792250e+02
2.411870902202009859e+02
2.275615873995675713e+02
2.157306989917135809e+02
2.335411801163792518e+02
2.982708723622428693e+02
4.539761531450176903e+02
6.428178968360242607e+02
4.810609985112935192e+02
3.709370997509009840e+02
3.190729004626054461e+02
2.076331275784604600e+02
1.879668569014415596e+02
1.649024561834983160e+02
1.487381677152837369e+02
1.340471788727469971e+02
1.237210480920029454e+02
1.146164852866162107e+02
1.080603718321940363e+02
1.020674208046867761e+02
1.111232629246755010e+02
1.405683648518413236e+02
2.017743533469290185e+02
2.837510486193261272e+02
1.692034276875435808e+02
1.570290528582780496e+02
1.437780799823643747e+02
1.230488604429627486e+02
1.163156987749875668e+02
1.013399632823955443e+02
9.711693865815890092e+01
8.766126350319372307e+01
8.442241810782149969e+01
7.739947442787882892e+01
7.481812129081373541e+01
6.931315663023383422e+01
7.751122347129606283e+01
8.850565670437849519e+01
1.555536296504707252e+02
1.909298809070873517e+02
1.091971566083390570e+02
8.503688259159260099e+01
8.550218553365235152e+01
7.676709581749526023e+01
7.454485955386728335e+01
6.201936525991115445e+01
6.097372178278511257e+01
5.515240612898540462e+01
5.396846706225056778e+01
4.919749927697964154e+01
4.812836513491746615e+01
4.940392580243425158e+01
7.571494524639675205e+01
8.564827173303712016e+01
1.622622083450280286e+02
1.011538170032220023e+02
5.514202844666778702e+01
5.499962170829501673e+01
5.264230789917601783e+01
4.765997749058085020e+01
4.420920271600496676e+01
4.039650930715876598e+01
3.803443549135487700e+01
3.535016765758260249e+01
3.363694823353709751e+01
3.649333425632785577e+01
5.120348102896060283e+01
7.526205135366137711e+01
4.070316409924075884e+01
3.466951101201265573e+01
3.451546804799741608e+01
1.363606514829085654e+02
6.325355424694588180e+01
5.720436784708604705e+01
4.836910085362579537e+01
4.374334077962959100e+01
3.458169119533003766e+01
2.875544906178975069e+01
2.470244163255129521e+01
2.261686492375352486e+01
2.113923710452725757e+01
1.925850840739754588e+01
1.798638335039417413e+01
1.645106011452978478e+01
1.556149631928664157e+01
1.449932799234750114e+01
1.614291870677562812e+01
2.050369359321576468e+01
3.398611114830521274e+01
4.966192193111493935e+01
2.938267473149240061e+01
2.309317173544362944e+01
2.516857828604893044e+01
1.009702595070110789e+02
3.912153498435547760e+01
2.976675272892822832e+01
2.600364937944025812e+01
2.333152772760429272e+01
2.091521528896516102e+01
2.041400513110134796e+01
1.636332657618577002e+01
1.607528613794475447e+01
1.295085272264387832e+01
1.269293738893381551e+01
1.039941953598309254e+01
1.012016716717840481e+01
8.284304267160159441e+00
7.999293592690944976e+00
6.564619786356535869e+00
6.289391198116531356e+00
5.183509234947641708e+00
4.935355261149678263e+00
4.095262819313370883e+00
3.885368990938064204e+00
3.257072233423923269e+00
3.088421851541510055e+00
2.624258402132882306e+00
2.493822189580906734e+00
2.154439068042881988e+00
2.056168267690022589e+00
1.809759066533400684e+00
1.736898537605115589e+00
1.558578695825865390e+00
1.504927575028101039e+00
1.375627262819243635e+00
1.336050142268734531e+00
1.389166587446103440e+00
2.100856001845798016e+00
2.550775932062399942e+00
4.951804679959947997e+00
2.877782828221161715e+00
1.643225756238201329e+00
1.612257316469040136e+00
1.865608025536491965e+00
2.288219607015185897e+00
4.440611236303253939e+00
1.628221766763842782e+00
1.583048550748219707e+00
1.480700678226246847e+00
1.433193059043306183e+00
1.175399363790316620e+00
1.139065953947181686e+00
9.450808399955603623e-01
9.179042035088460505e-01
7.744644154866040520e-01
7.543461869829894972e-01
6.496894088322338057e-01
6.349809816607242530e-01
5.597545109940357255e-01
5.491312284906750829e-01
4.957946300676239759e-01
5.567265542667368949e-01
5.547066755465593912e-01
1.056137410185111758e+00
1.047411849570286879e+00
8.521872369002762015e-01
7.563706039428005345e-01
7.134217346972282492e-01
6.482467473603050756e-01
5.806952593735162926e-01
5.185073304038351205e-01
4.655240443854531951e-01
4.207095824010004259e-01
3.842259404907026887e-01
3.541621733155080332e-01
3.301024767426255502e-01
3.104954274827798621e-01
3.401621013815586680e-01
4.502175842043796283e-01
6.841255546650706343e-01
1.054026012578218374e+00
6.318540311666100973e-01
6.037912211605939161e-01
5.472133811383366186e-01
9.389294325892346693e-01
1.907041995819259983e-01
3.657361183700433838e-01
1.794434549852184091e-01
2.242178865294776335e-01
1.559587765004304405e-01
2.232797045238004707e-01
2.632883738605095170e-01
3.714076910981421453e-01
4.707064019314844416e-01
7.722300356322764348e-01
4.963150769824861142e-01
3.667844629021689840e-01
3.245116090347786031e-01
2.854415709938665779e-01
2.440325894495839198e-01
2.100729294187702600e-01
1.838979418104565167e-01
1.578402625672095383e-01
1.387024158441324539e-01
1.196297550007987681e-01
1.056503380040723500e-01
9.177246619418984175e-02
8.164186829469262385e-02
7.161662455171197150e-02
6.433924572797514174e-02
5.717556958677083578e-02
5.200805756851458600e-02
4.695558215833903898e-02
4.333391469212485858e-02
3.981634503161480404e-02
3.730609353401397044e-02
3.487845048118010105e-02
3.314630061049541471e-02
3.582083260506114392e-02
4.793697538439327388e-02
7.027390220303142421e-02
1.130540042529846467e-01
6.129775207301882411e-02
5.829223930057812753e-02
5.469211881429014016e-02
9.270127800270380747e-02
3.740217062926326497e-02
3.076988802593382324e-02
