1.651448913137742281e+08
1.652401827127695978e+08
1.449655870129045844e+08
1.284304545691231191e+08
1.153563887589804083e+08
1.053467958802153915e+08
9.786782851228508353e+07
9.214038972945536673e+07
8.779568101051501930e+07
8.447734521134801209e+07
8.201523018530330062e+07
8.047068253614465892e+07
8.031984563323877752e+07
8.016602434990578890e+07
7.869319555443321168e+07
7.748467016191038489e+07
7.670577558116109669e+07
7.631764478121457994e+07
7.614061524126754701e+07
7.584140967023101449e+07
7.563150582979008555e+07
7.548388301979984343e+07
7.536832620050516725e+07
7.527124592773514986e+07
7.518036256052592397e+07
7.508521883598379791e+07
7.498510015205217898e+07
7.488966422471061349e+07
7.480369238593336940e+07
7.472527394580547512e+07
7.465496999669769406e+07
7.459257838405086100e+07
7.453575981718090177e+07
7.448639328247934580e+07
7.444365913035349548e+07
7.440728360357199609e+07
7.437604678483095765e+07
7.435040391093839705e+07
7.433051988368321955e+07
7.431456922589342296e+07
7.430198136744017899e+07
7.429230084852816164e+07
7.428643035514652729e+07
7.428500310835091770e+07
7.425216849619218707e+07
7.420777973554496467e+07
7.419124322286440432e+07
7.418197338842351735e+07
7.417551550582754612e+07
7.417060397492378950e+07
7.416665136924023926e+07
7.416335573822949827e+07
7.416054093730974197e+07
7.415809638161182404e+07
7.415593882691165805e+07
7.415401924360276759e+07
7.415229547793959081e+07
7.415073281441347301e+07
7.414930859431339800e+07
7.414800488830107450e+07
7.414680559203802049e+07
7.414569750045132637e+07
7.414467098995900154e+07
7.414371736960688233e+07
7.414282926582549512e+07
7.414200011626391113e+07
7.414122499641671777e+07
7.414049901548101008e+07
7.413981818369157612e+07
7.413917859129923582e+07
7.413857718500670791e+07
7.413801085971166193e+07
7.413747723962722719e+07
7.413697389415539801e+07
7.413649879659499228e+07
7.413604991628539562e+07
7.413562555922347307e+07
7.413522405653846264e+07
7.413484385639929771e+07
7.413448359344619513e+07
7.413414194167993963e+07
7.413381779389332235e+07
7.413351003052870929e+07
7.413321790047594905e+07
7.413294046700160205e+07
7.413267711060217023e+07
7.413242702414350212e+07
7.413218973090937734e+07
7.413196446629463136e+07
7.413175076799350977e+07
7.413154790735046566e+07
7.413135545634624362e+07
7.413117270362569392e+07
7.413099925584232807e+07
7.413083450060807168e+07
7.413067810531091690e+07
7.413052948675616086e+07
7.413038833120618761e+07
7.413025411441622674e+07
7.413012656064645946e+07
7.413000519985513389e+07
7.412988979089839756e+07
7.412977991767965257e+07
7.412967536915694177e+07
7.412957577152243257e+07
7.412948092933046818e+07
7.412939049597625434e+07
7.412930428234705329e+07
7.412922196762529016e+07
7.412914337546285987e+07
7.412906821640715003e+07
7.412899633064009249e+07
7.412892746142002940e+07
7.412886146964982152e+07
7.412879813431295753e+07
7.412873734018178284e+07
7.412867890188279748e+07
7.412862272720395029e+07
7.412856866148492694e+07
7.412851662966027856e+07
7.412846649975830317e+07
7.412841820736512542e+07
7.412837163712325692e+07
7.412832673173387349e+07
7.412828338945735991e+07
7.412824155880266428e+07
7.412820115011940897e+07
7.412816211722613871e+07
7.412812438146677613e+07
7.412808790151083469e+07
7.412805260839845240e+07
7.412801846492616832e+07
7.412798541057892144e+07
7.412795341164356470e+07
7.412792241492420435e+07
7.412789238966296613e+07
7.412786328897644579e+07
7.412783508461354673e+07
7.412780773518361151e+07
7.412778121458280087e+07
7.412775548621764779e+07
7.412773052583861351e+07
7.412770630099615455e+07
7.412768278903909028e+07
7.412765996109141409e+07
7.412763779585029185e+07
7.412761626752579212e+07
7.412759535597938299e+07
7.412757503809697926e+07
7.412755529480387270e+07
7.412753610538338125e+07
7.412751745177435875e+07
7.412749931543402374e+07
7.412748167931145430e+07
7.412746452685877681e+07
7.412744784201562405e+07
7.412743161003303528e+07
7.412741581577810645e+07
7.412740044609941542e+07
7.412738548670941591e+07
7.412737092582456768e+07
7.412735674990171194e+07
7.412734294831827283e+07
7.412732950815582275e+07
7.412731641978530586e+07
7.412730367083957791e+07
7.412729125253324211e+07
7.412727915302991867e+07
7.412726736432430148e+07
7.412725587511374056e+07
7.412724467814241350e+07
7.412723376267911494e+07
7.412722312219211459e+07
7.412721274653260410e+07
7.412720262985186279e+07
7.412719276256898046e+07
7.412718313945716619e+07
7.412717375146168470e+07
7.412716459389987588e+07
7.412715565820565820e+07
7.412714694016543031e+07
7.412713843164476752e+07
7.412713012885972857e+07
7.412712202407447994e+07
7.412711411386789382e+07
7.412710639087317884e+07
7.412709885201308131e+07
7.412709149026505649e+07
7.412708430283543468e+07
7.412707728305013478e+07
7.412707042837379873e+07
7.412706373244683444e+07
7.412705719298331439e+07
7.412705080392181873e+07
7.412704456319321692e+07
7.412703846502040327e+07
7.412703250754384696e+07
7.412702668524576724e+07
7.412702099645261467e+07
7.412701543589867651e+07
7.412701000206710398e+07
7.412700468994161487e+07
7.412699949814803898e+07
7.412699442189766467e+07
7.412698945994117856e+07
7.412698460770276189e+07
7.412697986405910552e+07
7.412697522462864220e+07
7.412697068839770555e+07
7.412696625118008256e+07
7.412696191205224395e+07
7.412695766701421142e+07
7.412695351523469388e+07
7.412694945288471878e+07
7.412694547921358049e+07
7.412694159056328237e+07
7.412693778626109660e+07
7.412693406280376017e+07
7.412693041959309578e+07
7.412692685327641666e+07
7.412692336332356930e+07
7.412691994653075933e+07
7.412691660242472589e+07
7.412691332794657350e+07
7.412691012267921865e+07
7.412690698369812965e+07
7.412690391063798964e+07
7.412690090070612729e+07
7.412689795357954502e+07
7.412689506659701467e+07
7.412689223947054148e+07
7.412688946966464818e+07
7.412688675693522394e+07
7.412688409884560108e+07
7.412688149519367516e+07
7.412687894365870953e+07
7.412687644406397641e+07
7.412687399418929219e+07
7.412687159389190376e+07
7.412686924105088413e+07
7.412686693554641306e+07
7.412686467534992099e+07
7.412686246036651731e+07
7.412686028865665197e+07
7.412685816015113890e+07
7.412685607298582792e+07
7.412685402711299062e+07
7.412685202075496316e+07
7.412685005387274921e+07
7.412684812477092445e+07
7.412684623342663050e+07
7.412684437821064889e+07
7.412684255911549926e+07
7.412684077458314598e+07
7.412683902461780608e+07
7.412683730772614479e+07
7.412683562392392755e+07
7.412683397177998722e+07
7.412683235131469369e+07
7.412683076116336882e+07
7.412682920135349035e+07
7.412682767057381570e+07
7.412682616886223853e+07
7.412682469495718181e+07
7.412682324891059101e+07
7.412682182950632274e+07
7.412682043680061400e+07
7.412681906963367760e+07
7.412681772806109488e+07
7.412681641097430885e+07
7.412681511842146516e+07
7.412681384935367107e+07
7.412681260382053256e+07
7.412681138080824912e+07
7.412681018037387729e+07
7.412680900154550374e+07
7.412680784437887371e+07
7.412680670794945955e+07
7.412680559230642021e+07
7.412680449656851590e+07
7.412680342078484595e+07
7.412680236411033571e+07
7.412680132659235597e+07
7.412680030742345750e+07
7.412679930665561557e+07
7.412679832350842655e+07
7.412679735803560913e+07
7.412679640949237347e+07
7.412679547792907059e+07
7.412679456263309717e+07
7.412679366365294158e+07
7.412679278030648828e+07
7.412679191264395416e+07
7.412679106000764668e+07
7.412679022245204449e+07
7.412678939934071898e+07
7.412678859073023498e+07
7.412678779601450264e+07
7.412678701523979008e+07
7.412678624783022702e+07
7.412678549383248389e+07
7.412678475269161165e+07
7.412678402445790172e+07
7.412678330859203637e+07
7.412678260514484346e+07
7.412678191360631585e+07
7.412678123401768506e+07
7.412678056589011848e+07
7.412677990926651657e+07
7.412677926368109882e+07
7.412677862917293608e+07
7.412677800529086590e+07
7.412677739207386971e+07
7.412677678909356892e+07
7.412677619638663530e+07
7.412677561354190111e+07
7.412677504059155285e+07
7.412677447714363039e+07
7.412677392322976887e+07
7.412677337847046554e+07
7.412677284289921820e+07
7.412677231615190208e+07
7.412677179826192558e+07
7.412677128887812793e+07
7.412677078802843392e+07
7.412677029538129270e+07
7.412676981096509099e+07
7.412676933445279300e+07
7.412676886587841809e+07
7.412676840492886305e+07
7.412676795163190365e+07
7.412676750569541752e+07
7.412676706713519990e+07
7.412676663567286730e+07
7.412676621133205295e+07
7.412676579383508861e+07
7.412676538321344554e+07
7.412676497919520736e+07
7.412676458180715144e+07
7.412676419079436362e+07
7.412676380617979169e+07
7.412676342772136629e+07
7.412676305543385446e+07
7.412676268909303844e+07
7.412676232870699465e+07
7.412676197405990958e+07
7.412676162516617775e+07
7.412676128181348741e+07
7.412676094401791692e+07
7.412676061156833172e+07
7.412676028448599577e+07
7.412675996257051826e+07
7.412675964583572745e+07
7.412675933409413695e+07
7.412675902735528350e+07
7.412675872544065118e+07
7.412675842835785449e+07
7.412675813593858480e+07
7.412675784818474948e+07
7.412675756493626535e+07
7.412675728619742393e+07
7.412675701181343198e+07
7.412675674178728461e+07
7.412675647596700490e+07
7.412675621436327696e+07
7.412675595682235062e+07
7.412675570335534215e+07
7.412675545381866395e+07
7.412675520821791887e+07
7.412675496641755104e+07
7.412675472842222452e+07
7.412675449410404265e+07
7.412675426345887780e+07
7.412675403637033701e+07
7.412675381284473836e+07
7.412675359274855256e+07
7.412675337609411776e+07
7.412675316276305914e+07
7.412675295276109874e+07
7.412675274597312510e+07
7.412675254240334034e+07
7.412675234194557369e+07
7.412675214459595084e+07
7.412675195025753975e+07
7.412675175892837346e+07
7.412675157051497698e+07
7.412675138501206040e+07
7.412675120232507586e+07
7.412675102245829999e+07
7.412675084531843662e+07
7.412675067090484500e+07
7.412675049913249910e+07
7.412675032999478281e+07
7.412675016341349483e+07
7.412674999938839674e+07
7.412674983783386648e+07
7.412674967874777317e+07
7.412674952205954492e+07
7.412674936776317656e+07
7.412674921578402817e+07
7.412674906612144411e+07
7.412674891870026290e+07
7.412674877352407575e+07
7.412674863051886857e+07
7.412674848968434334e+07
7.412674835095357895e+07
7.412674821432679892e+07
7.412674807973709702e+07
7.412674794717836380e+07
7.412674781659738719e+07
7.412674768798759580e+07
7.412674756128808856e+07
7.412674743649517000e+07
7.412674731355856359e+07
7.412674719246803224e+07
7.412674707317033410e+07
7.412674695566409826e+07
7.412674683989551663e+07
7.412674672586221993e+07
7.412674661351217330e+07
7.412674650284110010e+07
7.412674639380338788e+07
7.412674628639481962e+07
7.412674618056434393e+07
7.412674607631167769e+07
7.412674597359204292e+07
7.412674587240070105e+07
7.412674577269288898e+07
7.412674567446726561e+07
7.412674557768024504e+07
7.412674548232764006e+07
7.412674538837046921e+07
7.412674529580312967e+07
7.412674520458738506e+07
7.412674511472146213e+07
7.412674502616415918e+07
7.412674493891531229e+07
7.412674485293677449e+07
7.412674476822344959e+07
7.412674468474286795e+07
7.412674460248811543e+07
7.412674452142880857e+07
7.412674444156043231e+07
7.412674436284951866e+07
7.412674428529320657e+07
7.412674420885881782e+07
7.412674413354179263e+07
7.412674405931675434e+07
7.412674398617003858e+07
7.412674391408865154e+07
7.412674384305153787e+07
7.412674377304334939e+07
7.412674370405133069e+07
7.412674363605408370e+07
7.412674356904777884e+07
7.412674350300243497e+07
7.412674343791998923e+07
7.412674337376751006e+07
7.412674331054815650e+07
7.412674324823345244e+07
7.412674318682162464e+07
7.412674312628960609e+07
7.412674306663276255e+07
7.412674300783318281e+07
7.412674294987639785e+07
7.412674289275147021e+07
7.412674283644697070e+07
7.412674278094862401e+07
7.412674272624866664e+07
7.412674267232754827e+07
7.412674261918297410e+07
7.412674256679473817e+07
7.412674251515761018e+07
7.412674246425238252e+07
7.412674241407978535e+07
7.412674236461849511e+07
7.412674231586548686e+07
7.412674226780450344e+07
7.412674222042903304e+07
7.412674217372520268e+07
7.412674212768954039e+07
7.412674208230395615e+07
7.412674203756421804e+07
7.412674199345958233e+07
7.412674194998118281e+07
7.412674190711569786e+07
7.412674186485968530e+07
7.412674182320258021e+07
7.412674178213347495e+07
7.412674174164344370e+07
7.412674170172648132e+07
7.412674166237549484e+07
7.412674162357929349e+07
7.412674158532901108e+07
7.412674154761753976e+07
7.412674151043598354e+07
7.412674147377736866e+07
7.412674143763796985e+07
7.412674140200579166e+07
7.412674136687484384e+07
7.412674133223581314e+07
7.412674129808293283e+07
7.412674126440973580e+07
7.412674123120743036e+07
7.412674119847328961e+07
7.412674116619451344e+07
7.412674113436853886e+07
7.412674110298721492e+07
7.412674107204787433e+07
7.412674104153741896e+07
7.412674101145577431e+07
7.412674098179161549e+07
7.412674095254145563e+07
7.412674092369844019e+07
7.412674089526107907e+07
7.412674086721242964e+07
7.412674083955974877e+07
7.412674081229272485e+07
7.412674078540210426e+07
7.412674075888620317e+07
7.412674073273816705e+07
7.412674070695365965e+07
7.412674068152646720e+07
7.412674065645059943e+07
7.412674063172391057e+07
7.412674060733999312e+07
7.412674058329106867e+07
7.412674055957835913e+07
7.412674053619249165e+07
7.412674051313008368e+07
7.412674049038420618e+07
7.412674046795412898e+07
7.412674044583529234e+07
7.412674042402113974e+07
7.412674040250502527e+07
7.412674038128671050e+07
7.412674036035825312e+07
7.412674033972173929e+07
7.412674031936749816e+07
7.412674029929545522e+07
7.412674027949719131e+07
7.412674025997218490e+07
7.412674024071595073e+07
7.412674022172337770e+07
7.412674020298911631e+07
7.412674018451339006e+07
7.412674016629128158e+07
7.412674014832033217e+07
7.412674013059478998e+07
7.412674011310954392e+07
7.412674009586496651e+07
7.412674007885621488e+07
7.412674006208060682e+07
7.412674004553145170e+07
7.412674002920967340e+07
7.412674001311205328e+07
7.412673999723139405e+07
7.412673998157186806e+07
7.412673996612501144e+07
7.412673995088370144e+07
7.412673993585458398e+07
7.412673992102836072e+07
7.412673990640445054e+07
7.412673989197878540e+07
7.412673987775057554e+07
7.412673986371512711e+07
7.412673984987263381e+07
7.412673983621363342e+07
7.412673982274049520e+07
7.412673980945138633e+07
7.412673979634469748e+07
7.412673978341321647e+07
7.412673977065640688e+07
7.412673975807395577e+07
7.412673974566042423e+07
7.412673973341640830e+07
7.412673972133684158e+07
7.412673970942060649e+07
7.412673969766837358e+07
7.412673968607087433e+07
7.412673967463122308e+07
7.412673966334615648e+07
7.412673965221354365e+07
7.412673964123114944e+07
7.412673963039624691e+07
7.412673961970734596e+07
7.412673960916353762e+07
7.412673959875965118e+07
7.412673958849841356e+07
7.412673957837326825e+07
7.412673956838543713e+07
7.412673955852887034e+07
7.412673954880990088e+07
7.412673953921949863e+07
7.412673952975378931e+07
7.412673952042105794e+07
7.412673951121257246e+07
7.412673950212551653e+07
7.412673949316200614e+07
7.412673948431678116e+07
7.412673947559010983e+07
7.412673946698075533e+07
7.412673945848669112e+07
7.412673945010744035e+07
7.412673944183777273e+07
7.412673943368111551e+07
7.412673942563153803e+07
7.412673941769000888e+07
7.412673940985423326e+07
7.412673940212716162e+07
7.412673939449997246e+07
7.412673938697487116e+07
7.412673937954872847e+07
7.412673937222100794e+07
7.412673936499552429e+07
7.412673935786080360e+07
7.412673935082690418e+07
7.412673934388330579e+07
7.412673933703054488e+07
7.412673933027255535e+07
7.412673932360482216e+07
7.412673931702165306e+07
7.412673931052826345e+07
7.412673930411924422e+07
7.412673929779700935e+07
7.412673929155699909e+07
7.412673928540343046e+07
7.412673927932889760e+07
7.412673927333705127e+07
7.412673926742060483e+07
7.412673926158618927e+07
7.412673925582766533e+07
7.412673925014694035e+07
7.412673924454145133e+07
7.412673923900678754e+07
7.412673923354819417e+07
7.412673922816021740e+07
7.412673922284576297e+07
7.412673921759966016e+07
7.412673921242371202e+07
7.412673920731702447e+07
7.412673920227523148e+07
7.412673919730196893e+07
7.412673919239446521e+07
7.412673918755160272e+07
7.412673918277105689e+07
7.412673917805300653e+07
7.412673917339949310e+07
7.412673916880789399e+07
7.412673916427505016e+07
7.412673915980002284e+07
7.412673915538813174e+07
7.412673915103189647e+07
7.412673914673453569e+07
7.412673914249143004e+07
7.412673913830621541e+07
7.412673913417415321e+07
7.412673913009628654e+07
7.412673912607543170e+07
7.412673912210324407e+07
7.412673911818619072e+07
7.412673911432078481e+07
7.412673911050191522e+07
7.412673910673452914e+07
7.412673910301898420e+07
7.412673909934952855e+07
7.412673909573116899e+07
7.412673909215687215e+07
7.412673908863294125e+07
7.412673908515454829e+07
7.412673908172146976e+07
7.412673907833012938e+07
7.412673907498639822e+07
7.412673907168616354e+07
7.412673906842969358e+07
7.412673906521213055e+07
7.412673906203912199e+07
7.412673905890770257e+07
7.412673905581682920e+07
7.412673905276910961e+07
7.412673904975776374e+07
7.412673904678457975e+07
7.412673904385285079e+07
7.412673904095701873e+07
7.412673903810052574e+07
7.412673903528325260e+07
7.412673903249898553e+07
7.412673902975435555e+07
7.412673902704297006e+07
7.412673902436661720e+07
7.412673902172589302e+07
7.412673901912294328e+07
7.412673901654902101e+07
7.412673901401036978e+07
7.412673901150695980e+07
7.412673900902919471e+07
7.412673900659105182e+07
7.412673900417970121e+07
7.412673900180408359e+07
7.412673899945653975e+07
7.412673899713918567e+07
7.412673899485555291e+07
7.412673899259570241e+07
7.412673899036772549e+07
7.412673898817132413e+07
7.412673898600189388e+07
7.412673898385933042e+07
7.412673898174345493e+07
7.412673897965697944e+07
7.412673897759865224e+07
7.412673897556604445e+07
7.412673897355702519e+07
7.412673897157624364e+07
7.412673896962063015e+07
7.412673896769471467e+07
7.412673896578824520e+07
7.412673896390782297e+07
7.412673896205438673e+07
7.412673896021963656e+07
7.412673895841307938e+07
7.412673895662494004e+07
7.412673895486600697e+07
7.412673895312392712e+07
7.412673895141054690e+07
7.412673894971634448e+07
7.412673894804245234e+07
7.412673894638969004e+07
7.412673894476006925e+07
7.412673894315336645e+07
7.412673894156417251e+07
7.412673893999494612e+07
7.412673893844890594e+07
7.412673893692232668e+07
7.412673893541461229e+07
7.412673893392589688e+07
7.412673893245594203e+07
7.412673893101052940e+07
7.412673892957673967e+07
7.412673892816594243e+07
7.412673892676883936e+07
7.412673892539303005e+07
7.412673892403256893e+07
7.412673892269191146e+07
7.412673892136728764e+07
7.412673892005905509e+07
7.412673891876760125e+07
7.412673891749386489e+07
7.412673891623561084e+07
7.412673891499441862e+07
7.412673891377018392e+07
7.412673891255830228e+07
7.412673891136673093e+07
7.412673891018503904e+07
7.412673890902277827e+07
7.412673890787343681e+07
7.412673890673778951e+07
7.412673890561878681e+07
7.412673890451385081e+07
7.412673890342193842e+07
7.412673890234231949e+07
7.412673890127982199e+07
7.412673890023338795e+07
7.412673889919584990e+07
7.412673889817206562e+07
7.412673889716167748e+07
7.412673889616592228e+07
7.412673889517971873e+07
7.412673889421038330e+07
7.412673889325073361e+07
7.412673889230310917e+07
7.412673889136953652e+07
7.412673889044448733e+07
7.412673888953135908e+07
7.412673888863453269e+07
7.412673888774491847e+07
7.412673888686907291e+07
7.412673888600289822e+07
7.412673888514867425e+07
7.412673888430608809e+07
7.412673888347381353e+07
7.412673888264989853e+07
7.412673888184002042e+07
7.412673888103654981e+07
7.412673888024516404e+07
7.412673887946395576e+07
7.412673887869337201e+07
7.412673887793229520e+07
7.412673887717929482e+07
7.412673887643809617e+07
7.412673887570710480e+07
7.412673887498375773e+07
7.412673887426857650e+07
7.412673887356278300e+07
7.412673887286832929e+07
7.412673887218014896e+07
7.412673887150153518e+07
7.412673887083102763e+07
7.412673887017185986e+07
7.412673886952173710e+07
7.412673886887715757e+07
7.412673886823694408e+07
7.412673886760881543e+07
7.412673886698961258e+07
7.412673886637683213e+07
7.412673886577266455e+07
7.412673886517560482e+07
7.412673886458650231e+07
7.412673886400490999e+07
7.412673886342926323e+07
7.412673886286219954e+07
7.412673886229938269e+07
7.412673886174999177e+07
7.412673886120201647e+07
7.412673886066497862e+07
7.412673886013226211e+07
7.412673885960675776e+07
7.412673885908986628e+07
7.412673885857678950e+07
7.412673885806953907e+07
7.412673885757018626e+07
7.412673885707764328e+07
7.412673885659293830e+07
7.412673885611076653e+07
7.412673885563719273e+07
7.412673885516892374e+07
7.412673885470564663e+07
7.412673885424919426e+07
7.412673885379567742e+07
7.412673885335445404e+07
7.412673885291405022e+07
7.412673885247960687e+07
7.412673885205088556e+07
7.412673885162743926e+07
7.412673885120938718e+07
7.412673885079798102e+07
7.412673885038991272e+07
7.412673884998880327e+07
7.412673884959304333e+07
7.412673884919854999e+07
7.412673884881158173e+07
7.412673884842924774e+07
7.412673884805321693e+07
7.412673884767921269e+07
7.412673884731112421e+07
7.412673884694738686e+07
7.412673884659267962e+07
7.412673884623581171e+07
7.412673884588688612e+07
7.412673884554050863e+07
7.412673884519822896e+07
7.412673884486508369e+07
7.412673884453041852e+07
7.412673884420312941e+07
7.412673884388111532e+07
7.412673884356078506e+07
7.412673884324103594e+07
7.412673884293201566e+07
7.412673884262086451e+07
7.412673884231957793e+07
7.412673884201835096e+07
7.412673884172327816e+07
7.412673884142936766e+07
7.412673884113937616e+07
7.412673884085518122e+07
7.412673884057240188e+07
7.412673884029468894e+07
7.412673884001779556e+07
7.412673883974789083e+07
7.412673883948038518e+07
7.412673883921431005e+07
7.412673883895507455e+07
7.412673883869463205e+07
7.412673883844092488e+07
7.412673883819232881e+07
7.412673883794094622e+07
7.412673883769515157e+07
7.412673883745405078e+07
7.412673883721412718e+07
7.412673883697846532e+07
7.412673883674691617e+07
7.412673883651635051e+07
7.412673883628676832e+07
7.412673883606387675e+07
7.412673883584067225e+07
7.412673883562289178e+07
7.412673883540637791e+07
7.412673883519306779e+07
7.412673883498555422e+07
7.412673883477520943e+07
7.412673883456781507e+07
7.412673883436657488e+07
7.412673883416500688e+07
7.412673883396790922e+07
7.412673883377169073e+07
7.412673883357775211e+07
7.412673883338706195e+07
7.412673883319860697e+07
7.412673883301471174e+07
7.412673883283121884e+07
7.412673883264808357e+07
7.412673883247102797e+07
7.412673883229491115e+07
7.412673883211974800e+07
7.412673883194814622e+07
7.412673883177560568e+07
7.412673883161160350e+07
7.412673883144435287e+07
7.412673883127959073e+07
7.412673883111837506e+07
7.412673883095714450e+07
7.412673883079931140e+07
7.412673883064477146e+07
7.412673883049048483e+07
7.412673883033719659e+07
7.412673883018852770e+07
7.412673883003886044e+07
7.412673882989439368e+07
7.412673882974895835e+07
7.412673882960565388e+07
7.412673882946418226e+07
7.412673882932847738e+07
7.412673882919038832e+07
7.412673882905556262e+07
7.412673882892000675e+07
7.412673882878787816e+07
7.412673882865510881e+07
7.412673882852929831e+07
7.412673882839874923e+07
7.412673882827472687e+07
7.412673882814770937e+07
7.412673882802784443e+07
7.412673882790398598e+07
7.412673882778741419e+07
7.412673882766503096e+07
7.412673882755136490e+07
7.412673882743678987e+07
7.412673882732309401e+07
7.412673882720938325e+07
7.412673882709805667e+07
7.412673882698875666e+07
7.412673882688243687e+07
7.412673882677280903e+07
7.412673882666806877e+07
7.412673882656271756e+07
7.412673882646141946e+07
7.412673882635989785e+07
7.412673882625772059e+07
7.412673882615850866e+07
7.412673882606162131e+07
7.412673882596303523e+07
7.412673882586845756e+07
7.412673882577523589e+07
7.412673882568097115e+07
7.412673882558965683e+07
7.412673882549963892e+07
7.412673882540947199e+07
7.412673882532022893e+07
7.412673882523353398e+07
7.412673882514740527e+07
7.412673882506163418e+07
7.412673882497613132e+07
7.412673882489480078e+07
7.412673882481163740e+07
7.412673882473160326e+07
7.412673882464995980e+07
7.412673882457074523e+07
7.412673882449291646e+07
7.412673882441839576e+07
7.412673882433839142e+07
7.412673882426418364e+07
7.412673882418854535e+07
7.412673882411585748e+07
7.412673882404443622e+07
7.412673882397304475e+07
7.412673882390126586e+07
7.412673882383055985e+07
7.412673882376155257e+07
7.412673882369582355e+07
7.412673882362598181e+07
7.412673882355898619e+07
7.412673882349289954e+07
7.412673882343126833e+07
7.412673882336397469e+07
7.412673882330192626e+07
7.412673882323855162e+07
7.412673882317765057e+07
7.412673882311730087e+07
7.412673882305544615e+07
7.412673882299634814e+07
7.412673882293862104e+07
7.412673882288131118e+07
7.412673882282419503e+07
7.412673882276819646e+07
7.412673882271105051e+07
7.412673882265748084e+07
7.412673882260142267e+07
7.412673882254655659e+07
7.412673882249575853e+07
7.412673882244308293e+07
7.412673882239143550e+07
7.412673882234039903e+07
7.412673882228879631e+07
7.412673882224005461e+07
7.412673882219175994e+07
7.412673882214082778e+07
7.412673882209329307e+07
7.412673882204547524e+07
7.412673882200022042e+07
7.412673882195267081e+07
7.412673882190582156e+07
7.412673882186149061e+07
7.412673882181885839e+07
7.412673882177022099e+07
7.412673882172934711e+07
7.412673882168349624e+07
7.412673882164393365e+07
7.412673882160171866e+07
7.412673882155992091e+07
7.412673882151664793e+07
7.412673882147803903e+07
7.412673882143886387e+07
7.412673882139848173e+07
7.412673882136012614e+07
7.412673882132177055e+07
7.412673882128474116e+07
7.412673882124632597e+07
7.412673882120966911e+07
7.412673882117432356e+07
7.412673882113456726e+07
7.412673882110138237e+07
7.412673882106445730e+07
7.412673882103191316e+07
7.412673882099656761e+07
7.412673882096424699e+07
7.412673882092918456e+07
7.412673882089570165e+07
7.412673882086433470e+07
7.412673882083104551e+07
7.412673882079817355e+07
7.412673882076871395e+07
7.412673882073763013e+07
7.412673882070676982e+07
7.412673882067498565e+07
7.412673882064580917e+07
7.412673882061533630e+07
7.412673882058776915e+07
7.412673882055667043e+07
7.412673882052886486e+07
7.412673882049988210e+07
7.412673882047295570e+07
7.412673882044380903e+07
7.412673882041734457e+07
7.412673882039114833e+07
7.412673882036422193e+07
7.412673882033658028e+07
7.412673882031267881e+07
7.412673882028906047e+07
7.412673882026252151e+07
7.412673882023592293e+07
7.412673882021227479e+07
7.412673882018738985e+07
7.412673882016296685e+07
7.412673882014128566e+07
7.412673882011707127e+07
7.412673882009373605e+07
7.412673882007116079e+07
7.412673882004927099e+07
7.412673882002659142e+07
7.412673882000462711e+07
7.412673881998312473e+07
7.412673881996023655e+07
7.412673881993961334e+07
7.412673881991690397e+07
7.412673881989824772e+07
7.412673881987759471e+07
7.412673881985644996e+07
7.412673881983627379e+07
7.412673881981948018e+07
7.412673881979800761e+07
7.412673881977786124e+07
7.412673881975989044e+07
7.412673881974144280e+07
7.412673881972344220e+07
7.412673881970374286e+07
7.412673881968984008e+07
7.412673881966707110e+07
7.412673881964993477e+07
7.412673881963413954e+07
7.412673881961363554e+07
7.412673881959809363e+07
7.412673881958261132e+07
7.412673881956492364e+07
7.412673881954959035e+07
7.412673881953604519e+07
7.412673881951765716e+07
7.412673881950224936e+07
7.412673881948672235e+07
7.412673881947031617e+07
7.412673881945632398e+07
7.412673881944058836e+07
7.412673881942756474e+07
7.412673881941112876e+07
7.412673881939622760e+07
7.412673881938052177e+07
7.412673881937038898e+07
7.412673881935404241e+07
7.412673881934122741e+07
7.412673881932802498e+07
7.412673881931400299e+07
7.412673881930063665e+07
7.412673881928794086e+07
7.412673881927549839e+07
7.412673881926183403e+07
7.412673881924930215e+07
7.412673881923738122e+07
7.412673881922507286e+07
7.412673881921061873e+07
7.412673881920088828e+07
7.412673881918698549e+07
7.412673881917665899e+07
7.412673881916499138e+07
7.412673881915378571e+07
7.412673881914477050e+07
7.412673881913171709e+07
7.412673881911896169e+07
7.412673881910774112e+07
7.412673881909877062e+07
7.412673881908716261e+07
7.412673881907735765e+07
7.412673881906513870e+07
7.412673881905625761e+07
7.412673881904730201e+07
7.412673881903567910e+07
7.412673881902761757e+07
7.412673881901915371e+07
7.412673881900744140e+07
7.412673881899823248e+07
7.412673881898766756e+07
7.412673881897759438e+07
7.412673881897258759e+07
7.412673881895974278e+07
7.412673881895184517e+07
7.412673881894476712e+07
7.412673881893518567e+07
7.412673881892637908e+07
7.412673881891719997e+07
7.412673881890854239e+07
7.412673881890045106e+07
7.412673881889016926e+07
7.412673881888604164e+07
7.412673881887406111e+07
7.412673881886993349e+07
7.412673881885954738e+07
7.412673881885112822e+07
7.412673881884375215e+07
7.412673881883758307e+07
7.412673881882831454e+07
7.412673881882201135e+07
7.412673881881545484e+07
7.412673881880925596e+07
7.412673881880235672e+07
7.412673881879486144e+07
7.412673881878827512e+07
7.412673881878173351e+07
7.412673881877416372e+07
7.412673881876794994e+07
7.412673881876136363e+07
7.412673881875553727e+07
7.412673881874777377e+07
7.412673881874163449e+07
7.412673881873542070e+07
7.412673881873179972e+07
7.412673881872004271e+07
7.412673881871828437e+07
7.412673881871081889e+07
7.412673881870578229e+07
7.412673881869733334e+07
7.412673881869518757e+07
7.412673881868819892e+07
7.412673881867997348e+07
7.412673881867782772e+07
7.412673881867022812e+07
7.412673881866575778e+07
7.412673881865920126e+07
7.412673881865482032e+07
7.412673881865088642e+07
7.412673881864362955e+07
7.412673881863990426e+07
7.412673881863449514e+07
7.412673881863072515e+07
7.412673881862626970e+07
7.412673881861878932e+07
7.412673881861574948e+07
7.412673881860946119e+07
7.412673881860697269e+07
7.412673881860138476e+07
7.412673881859511137e+07
7.412673881859216094e+07
7.412673881858666241e+07
7.412673881858481467e+07
7.412673881857807934e+07
7.412673881857430935e+07
7.412673881857050955e+07
7.412673881856639683e+07
7.412673881856331229e+07
7.412673881855852902e+07
7.412673881855304539e+07
7.412673881854900718e+07
7.412673881854641438e+07
7.412673881854429841e+07
7.412673881853802502e+07
7.412673881853520870e+07
7.412673881853158772e+07
7.412673881852614880e+07
7.412673881852371991e+07
7.412673881851926446e+07
7.412673881851583719e+07
7.412673881851060688e+07
7.412673881851039827e+07
7.412673881850552559e+07
7.412673881850221753e+07
7.412673881849895418e+07
7.412673881849613786e+07
7.412673881849355996e+07
7.412673881849007308e+07
7.412673881848578155e+07
7.412673881848502159e+07
7.412673881848046184e+07
7.412673881847772002e+07
7.412673881847348809e+07
7.412673881846864522e+07
7.412673881846736372e+07
7.412673881846839190e+07
7.412673881840050220e+07
7.412673881839805841e+07
7.412673881839795411e+07
7.412673881839287281e+07
7.412673881839139760e+07
7.412673881838920712e+07
