3.702240630669796519e+04
3.710174486879227334e+04
3.376360186297406472e+04
3.032259742362204634e+04
2.685987753398684436e+04
2.361720887792556096e+04
2.070356094905658028e+04
1.810031038253616498e+04
1.594047367713791027e+04
1.444097018775094330e+04
1.400966187601812635e+04
1.517356822665060827e+04
1.782503442184063897e+04
1.786509999168335344e+04
1.487638938459327983e+04
1.251196815063695612e+04
1.157375333462049275e+04
1.203665675478184130e+04
1.111696392708083658e+04
8.498737010195134644e+03
6.934848470007501419e+03
6.189786892077286211e+03
5.994123795172368773e+03
6.316399364315661842e+03
6.912170291691149032e+03
7.349693889695508005e+03
7.398880410697854131e+03
7.313965902315212588e+03
7.282571455729501395e+03
7.305029013221005698e+03
7.407344819837107025e+03
7.560494396981654063e+03
7.680647427622107898e+03
7.793483391729698269e+03
7.880826599231245382e+03
7.971463133733750510e+03
7.995753064299415200e+03
8.010573176457606678e+03
8.018610456525344489e+03
8.009426391512747614e+03
7.944664237932591277e+03
7.907827207502918100e+03
7.908168549443545999e+03
7.952163020829721972e+03
6.036085248857963961e+03
3.367480428338461024e+03
2.360657498159091119e+03
1.882230752488701910e+03
1.595861672314769294e+03
1.406558226892537050e+03
1.269810856399050181e+03
1.163745696202695171e+03
1.077444698799361504e+03
1.006295018629754850e+03
9.457093471430879390e+02
8.936392954162444084e+02
8.484504240923240559e+02
8.082162749583579853e+02
7.719164070207659734e+02
7.390986985272280663e+02
7.091884138560111523e+02
6.816651676152425807e+02
6.562136267470350504e+02
6.325721984173670762e+02
6.104588319788682611e+02
5.896383661833017413e+02
5.700084320423126201e+02
5.514615415814637345e+02
5.339099965974513680e+02
5.172506463603641578e+02
5.014398201277546150e+02
4.863623044053926492e+02
4.719665142172743799e+02
4.581705819908372064e+02
4.449706813926252380e+02
4.323060201552865465e+02
4.202017062160238083e+02
4.086077539954254121e+02
3.975182190009053897e+02
3.868646410753814280e+02
3.766429661922257424e+02
3.667866610419902713e+02
3.572506646100083003e+02
3.479823301691445181e+02
3.389523933411613825e+02
3.301244141094878728e+02
3.214916548114978809e+02
3.130604750814474642e+02
3.048361731141930022e+02
2.968252775510816832e+02
2.890301545879818832e+02
2.814688502783786817e+02
2.741340942549447277e+02
2.670211815589116213e+02
2.601100522902837611e+02
2.534032467886598283e+02
2.468864133228806281e+02
2.405759118491358493e+02
2.344676893700184337e+02
2.285698575359616314e+02
2.228567211994328829e+02
2.173228089191548520e+02
2.119459229567051182e+02
2.067362501632505598e+02
2.016880673755607631e+02
1.968199249283046299e+02
1.921249318451816066e+02
1.876147659096992584e+02
1.832769781491878973e+02
1.791200805296234364e+02
1.751317914530978328e+02
1.713185095617866693e+02
1.676648608867446626e+02
1.641712405800463728e+02
1.608176354543180082e+02
1.575998906194233768e+02
1.544976307633979786e+02
1.515077297723521781e+02
1.486138533077522368e+02
1.458164360957057681e+02
1.431034290962949456e+02
1.404777139429002375e+02
1.379295504604358484e+02
1.354621848250405094e+02
1.330664723264077054e+02
1.307449961369843834e+02
1.284889101775664813e+02
1.263003549020451288e+02
1.241711375125890413e+02
1.221032378099960596e+02
1.200891844767473202e+02
1.181308220472675998e+02
1.162214010213489246e+02
1.143626968215108235e+02
1.125486796380667016e+02
1.107810455440438631e+02
1.090543927864167699e+02
1.073702874918090799e+02
1.057238812961215331e+02
1.041166050615642575e+02
1.025441338953823447e+02
1.010077913944351451e+02
9.950376629122916938e+01
9.803330804080680139e+01
9.659309842827848058e+01
9.518431750718346507e+01
9.380408030268974073e+01
9.245345699595674205e+01
9.112989755456320040e+01
8.983429646831196180e+01
8.856433831638798893e+01
8.732069718701812633e+01
8.610123541539627468e+01
8.490641640069976859e+01
8.373428020707147823e+01
8.258513495449854247e+01
8.145723034202283941e+01
8.035078739207571630e+01
7.926429821157231004e+01
7.819795344075461685e+01
7.715050515120499597e+01
7.612214824629410259e+01
7.511188794498207244e+01
7.411992601909571476e+01
7.314547834785456359e+01
7.218871542216244563e+01
7.124898438299936743e+01
7.032635836884806224e+01
6.942022896484807859e+01
6.853052176409559593e+01
6.765662749925411390e+01
6.679832986324963429e+01
6.595503419897350739e+01
6.512643534078146956e+01
6.431199770975753438e+01
6.351138366538956603e+01
6.272414784984731995e+01
6.194995072349671972e+01
6.118844226323381008e+01
6.043928805772731749e+01
5.970222287961518504e+01
5.897691404615038380e+01
5.826316630851452061e+01
5.756064328430529287e+01
5.686920582857605666e+01
5.618850938964084207e+01
5.551845944927669763e+01
5.485870050612789584e+01
5.420917390990859985e+01
5.356951235877600936e+01
5.293968712637614260e+01
5.231932021635650898e+01
5.170840947188464298e+01
5.110656886945818655e+01
5.051382135308362820e+01
4.992977628316303651e+01
4.935448110943229239e+01
4.878754380018310144e+01
4.822903565305538365e+01
4.767856560525458320e+01
4.713622752237773739e+01
4.660163256090515915e+01
4.607489512595989822e+01
4.555562885048983190e+01
4.504396607540326158e+01
4.453952248116939927e+01
4.404244545822428591e+01
4.355235195711679097e+01
4.306940153467854060e+01
4.259321156688229593e+01
4.212395111788135438e+01
4.166123727586908387e+01
4.120524632258953801e+01
4.075559459655990935e+01
4.031246375228849388e+01
3.987546922070144717e+01
3.944479664556008203e+01
3.902006069370190033e+01
3.860145004263530666e+01
3.818857899607515094e+01
3.778163866949538630e+01
3.738024359108486294e+01
3.698458699029829688e+01
3.659428431467685527e+01
3.620953076503464985e+01
3.582994343634196355e+01
3.545571945991754603e+01
3.508647828134007085e+01
3.472241896197603950e+01
3.436316393755626564e+01
3.400891419783482661e+01
3.365929572397364922e+01
3.331451140683498835e+01
3.297419123718004386e+01
3.263853994246444046e+01
3.230719189869147101e+01
3.198035356473120316e+01
3.165766399609301374e+01
3.133933123893364936e+01
3.102499925140678982e+01
3.071487748796836215e+01
3.040861497150593351e+01
3.010642235661309485e+01
2.980795384255187486e+01
2.951342105244479797e+01
2.922248343242276647e+01
2.893535332531938664e+01
2.865169546195179962e+01
2.837172264414919098e+01
2.809510489996347360e+01
2.782205522290338706e+01
2.755224893160346866e+01
2.728589894154702478e+01
2.702268584121489070e+01
2.676282219992414113e+01
2.650599384527299662e+01
2.625241273709560375e+01
2.600176990466549043e+01
2.575427644260662063e+01
2.550962854057950935e+01
2.526803618237514470e+01
2.502920067499713142e+01
2.479333065801771241e+01
2.456013251298892541e+01
2.432981331608294084e+01
2.410208448224414468e+01
2.387715132069666879e+01
2.365473024160787574e+01
2.343502460065015924e+01
2.321775576863834445e+01
2.300312497873095552e+01
2.279085853202091272e+01
2.258115538813951773e+01
2.237374675216999620e+01
2.216882917700247546e+01
2.196613874927121302e+01
2.176586949912601554e+01
2.156776237544599084e+01
2.137200878576225804e+01
2.117835452419752684e+01
2.098698829076045058e+01
2.079766070900406305e+01
2.061055769994970177e+01
2.042543470103931114e+01
2.024247479476170497e+01
2.006143821610505995e+01
1.988250515985249933e+01
1.970544064030697129e+01
1.953042192456188531e+01
1.935721878557261988e+01
1.918600553035616230e+01
1.901655666680715839e+01
1.884904351625773700e+01
1.868324529422512725e+01
1.851933031645445737e+01
1.835708247511932711e+01
1.819666706558548341e+01
1.803787262187882945e+01
1.788086140856688644e+01
1.772542656292832319e+01
1.757172731236871144e+01
1.741956135525250460e+01
1.726908487903627076e+01
1.712010009745595340e+01
1.697276015875214483e+01
1.682687174315327283e+01
1.668258496337169916e+01
1.653971091430019413e+01
1.639839668002682771e+01
1.625845771558719477e+01
1.612003808601425803e+01
1.598295754954011372e+01
1.584735716461186072e+01
1.571306093354783151e+01
1.558020692316805622e+01
1.544862331891292939e+01
1.531844521353318989e+01
1.518950491293373695e+01
1.506193455572881490e+01
1.493557050419239651e+01
1.481054196504915232e+01
1.468668929160863001e+01
1.456413878319900590e+01
1.444273471787841956e+01
1.432260051410890256e+01
1.420358430741051592e+01
1.408580666398490955e+01
1.396911950897967714e+01
1.385364058679632393e+01
1.373922554373962512e+01
1.362598933466126994e+01
1.351379125820181848e+01
1.340274351355588678e+01
1.329270898261981415e+01
1.318379714448930962e+01
1.307587439501879167e+01
1.296904753002397648e+01
1.286318639011614096e+01
1.275839512615433691e+01
1.265454695424102027e+01
1.255174341967771845e+01
1.244986104500406476e+01
1.234899881055542537e+01
1.224903647653419902e+01
1.215007049978984632e+01
1.205198380965621574e+01
1.195487038189670947e+01
1.185861624691685279e+01
1.176331294256926263e+01
1.166884953266547242e+01
1.157531516087379941e+01
1.148260185730826599e+01
1.139079641587191460e+01
1.129979376639062671e+01
1.120967839768836782e+01
1.112034807346624632e+01
1.103188502259838089e+01
1.094418977738338938e+01
1.085734235210668075e+01
1.077124598311182879e+01
1.068597851558509682e+01
1.060144582620862153e+01
1.051772363665393151e+01
1.043472040094398423e+01
1.035250976276886270e+01
1.027100269137517863e+01
1.019027079795503710e+01
1.011022750569134132e+01
1.003094243862487467e+01
9.952331413475722144e+00
9.874462112188142626e+00
9.797252685597911182e+00
9.720768918321970986e+00
9.644931236754317183e+00
9.569803572678956982e+00
9.495308570515444302e+00
9.421508353252713519e+00
9.348327726629435119e+00
9.275827048551596121e+00
9.203933230532880927e+00
9.132704908440496538e+00
9.062071044940722686e+00
8.992088596515156240e+00
8.922688523409542327e+00
8.853926144739936888e+00
8.785734365730359485e+00
8.718166909624239125e+00
8.651158575125588612e+00
8.584761530429714682e+00
8.518912417135092952e+00
8.453661888614451669e+00
8.388948379966684854e+00
8.324821069246638672e+00
8.261220136584423557e+00
8.198193323569197943e+00
8.135682508003226232e+00
8.073734033175776759e+00
8.012291428164806106e+00
7.951399675404527301e+00
7.891003909938466343e+00
7.831147790066692593e+00
7.771778012518685941e+00
7.712936947435549584e+00
7.654572809942273182e+00
7.596726717297724640e+00
7.539348360771308322e+00
7.482477639223292343e+00
7.426065678831419881e+00
7.370151193875999596e+00
7.314686705119953558e+00
7.259709775277344512e+00
7.205174280487939953e+00
7.151116664188625016e+00
7.097492119569983160e+00
7.044336002340179093e+00
6.991604785375484354e+00
6.939332767496035004e+00
6.887477664925454768e+00
6.836072749649765967e+00
6.785076945735813325e+00
6.734522527705149919e+00
6.684369592937450477e+00
6.634649447161738323e+00
6.585323327443345143e+00
6.536421598636977137e+00
6.487906604706383362e+00
6.439807796871473755e+00
6.392088594127575796e+00
6.344777560628639179e+00
6.297839159414024834e+00
6.251301093362413575e+00
6.205128839339941749e+00
6.159349264224204923e+00
6.113928829343182159e+00
6.068893590013137995e+00
6.024210963489997184e+00
5.979906217509015853e+00
5.935947697480147056e+00
5.892359906654651702e+00
5.849112091613791087e+00
5.806228013884606298e+00
5.763677794952426048e+00
5.721484476476553560e+00
5.679619029394133101e+00
5.638103796989540228e+00
5.596910574803184879e+00
5.556061028502927712e+00
5.515527754215461265e+00
5.475331760214687371e+00
5.435446419782334004e+00
5.395892103440828258e+00
5.356642938952662192e+00
5.317718678195688220e+00
5.279094181306495770e+00
5.240788600097647354e+00
5.202777505671249081e+00
5.165079467764805088e+00
5.127670747635601600e+00
5.090569350485083078e+00
5.053752207515804784e+00
5.017236776423577460e+00
4.981000638718289686e+00
4.945060721076369070e+00
4.909395236311540955e+00
4.874020596124392313e+00
4.838915626147525906e+00
4.804096238660635620e+00
4.769541854172819839e+00
4.735267900665115270e+00
4.701254376098346732e+00
4.667516238836824982e+00
4.634034047424274050e+00
4.600822304810306740e+00
4.567862113688513581e+00
4.535167535456122501e+00
4.502720201083484142e+00
4.470533743759206757e+00
4.438590307251775613e+00
4.406903109634038529e+00
4.375454792519078318e+00
4.344258171379069999e+00
4.313296371133126250e+00
4.282581816960452592e+00
4.252098102982935224e+00
4.221857275942708654e+00
4.191843385472488137e+00
4.162068111395899273e+00
4.132515945580016670e+00
4.103198212095279906e+00
4.074099832173926572e+00
4.045231784969942623e+00
4.016579408605960744e+00
3.988153347810223792e+00
3.959939345436402913e+00
3.931947721999067724e+00
3.904164613364497605e+00
3.876600025693783813e+00
3.849240476426670554e+00
3.822095666929791857e+00
3.795152485202640147e+00
3.768420337136982656e+00
3.741886470520471963e+00
3.715560004751209178e+00
3.689428536997544139e+00
3.663500908877983964e+00
3.637765056890529980e+00
3.612229553353110578e+00
3.586882664237964757e+00
3.561732700782913152e+00
3.536768248946750237e+00
3.511997366802942722e+00
3.487408951114638445e+00
3.463010814534362769e+00
3.438792155614339485e+00
3.414760549040671833e+00
3.390905486559048221e+00
3.367234312129198770e+00
3.343736802244896111e+00
3.320420077147475446e+00
3.297274189902648533e+00
3.274306043868347338e+00
3.251505960773588555e+00
3.228880633700800917e+00
3.206420645358091459e+00
3.184132484879827363e+00
3.162006988491798509e+00
3.140050447687134927e+00
3.118253944962170454e+00
3.096623580097026096e+00
3.075150674882484392e+00
3.053841143199537811e+00
3.032686539307688278e+00
3.011692596891464735e+00
2.990851096079618632e+00
2.970167595771273206e+00
2.949634095556392221e+00
2.929255984887831232e+00
2.909025476575152869e+00
2.888947795791023232e+00
2.869015362542872705e+00
2.849233242639194863e+00
2.829594057455970812e+00
2.810102718324667403e+00
2.790752042268856314e+00
2.771546790790477832e+00
2.752479971099860201e+00
2.733556199407066067e+00
2.714768667719346773e+00
2.696121851346286125e+00
2.677609121915313750e+00
2.659234818153008106e+00
2.640992486243851189e+00
2.622886332419022803e+00
2.604910072546368305e+00
2.587067784377610646e+00
2.569353348720491592e+00
2.551770718735562937e+00
2.534313935555333686e+00
2.516986831495218624e+00
2.499783603576641866e+00
2.482707966936822164e+00
2.465754270072772592e+00
2.448926114486737582e+00
2.432217996014576666e+00
2.415633405931399302e+00
2.399166983272900566e+00
2.382822112401761228e+00
2.366593571644417082e+00
2.350484641700761212e+00
2.334490236266133056e+00
2.318613535470238407e+00
2.302849584664756311e+00
2.287201466504557246e+00
2.271664354347869619e+00
2.256241236254555638e+00
2.240927410078844328e+00
2.225725772129944158e+00
2.210631741344957657e+00
2.195648125065208234e+00
2.180770459974616493e+00
2.166001467090744814e+00
2.151336797610666984e+00
2.136779088884160238e+00
2.122324103461294964e+00
2.107974397500336661e+00
2.093725841887315475e+00
2.079580914041650797e+00
2.065535590222905338e+00
2.051592271451710747e+00
2.037747036498905207e+00
2.024002212316759142e+00
2.010353977385511470e+00
1.996804586758663902e+00
1.983350315930378027e+00
1.969993350278451238e+00
1.956730059659739895e+00
1.943562561814386358e+00
1.930487318417430709e+00
1.917506381641238322e+00
1.904616302488369772e+00
1.891819069497127748e+00
1.879111320607851798e+00
1.866494982633949196e+00
1.853966778093903534e+00
1.841528573946577652e+00
1.829177175009633283e+00
1.816914390169613869e+00
1.804737104331523678e+00
1.792647070044029123e+00
1.780641250174498147e+00
1.768721342617507242e+00
1.756884386075029392e+00
1.745132025481873184e+00
1.733461373354992174e+00
1.721874023157025757e+00
1.710367159278653126e+00
1.698942325349759974e+00
1.687596775678513294e+00
1.676332005470971165e+00
1.665145337153268956e+00
1.654038219000938170e+00
1.643008039656440600e+00
1.632056201902646997e+00
1.621180158898419155e+00
1.610381269227909140e+00
1.599657048859829400e+00
1.589008813529015907e+00
1.578434140356801851e+00
1.567934303510333471e+00
1.557506939631457143e+00
1.547153282573024535e+00
1.536871026912847160e+00
1.526661367417948334e+00
1.516522055081205966e+00
1.506454246698178734e+00
1.496455748241281025e+00
1.486527679727200901e+00
1.476667900614909934e+00
1.466877495173644963e+00
1.457154374988023582e+00
1.447499589707894829e+00
1.437911101634982369e+00
1.428389926873663285e+00
1.418934077125690196e+00
1.409544535831026346e+00
1.400219362853490468e+00
1.390959510073709771e+00
1.381763084210606785e+00
1.372631006436273227e+00
1.363561429127970070e+00
1.354555243733161385e+00
1.345610647117753356e+00
1.336728501870912966e+00
1.327907048136845125e+00
1.319147120521066974e+00
1.310447001393578947e+00
1.301807498206294600e+00
1.293226934426548347e+00
1.284706091178893006e+00
1.276243331982144902e+00
1.267839412405395771e+00
1.259492734974525741e+00
1.251204030503596298e+00
1.242971739548782262e+00
1.234796568850864862e+00
1.226676996017478150e+00
1.218613704504071027e+00
1.210605207999496669e+00
1.202652167327857624e+00
1.194753131366005805e+00
1.186908739012557223e+00
1.179117573395413121e+00
1.171380252171848158e+00
1.163695391849860039e+00
1.156063589445835982e+00
1.148483494042221276e+00
1.140955682656703996e+00
1.133478836050085814e+00
1.126053511830624521e+00
1.118678421741466922e+00
1.111354104555682731e+00
1.104079302101586890e+00
1.096854534928656033e+00
1.089678574260513066e+00
1.082551922928637556e+00
1.075473380767547837e+00
1.068443433455980252e+00
1.061460908756075350e+00
1.054526275721511475e+00
1.047638389288392702e+00
1.040797702351457410e+00
1.034003096405894828e+00
1.027255008702835148e+00
1.020552346559088663e+00
1.013895532070219208e+00
1.007283497771727765e+00
1.000716651040113758e+00
9.941939490004521041e-01
9.877157847408817304e-01
9.812811393607190347e-01
9.748903921428996311e-01
9.685425475239261006e-01
9.622379713804305457e-01
9.559756909497734156e-01
9.497560591043898715e-01
9.435781253120041345e-01
9.374422298330147285e-01
9.313474437950168827e-01
9.252940952517556550e-01
9.192812764614995968e-01
9.133093036448631796e-01
9.073772896789606968e-01
9.014855392729692607e-01
8.956331854168579909e-01
8.898205217174365300e-01
8.840467007636911845e-01
8.783120053418221884e-01
8.726156071800109659e-01
8.669577786510133111e-01
8.613377101162378313e-01
8.557556638030442420e-01
8.502108483012580376e-01
8.447035159874446419e-01
8.392328931953838556e-01
8.337992228287848251e-01
8.284017485236108147e-01
8.230407039655078805e-01
8.177153496833052815e-01
8.124259104089528449e-01
8.071716631890143434e-01
8.019528240885656079e-01
7.967686862455685137e-01
7.916194573324198958e-01
7.865044461664679742e-01
7.814238523011598492e-01
7.763769998817023898e-01
7.713640805916489596e-01
7.663844335215862502e-01
7.614382427267492037e-01
7.565248618520794555e-01
7.516444675889518701e-01
7.467964278248636623e-01
7.419809120724171203e-01
7.371973021450424213e-01
7.324457606190499792e-01
7.277256828217074647e-01
7.230372246369195510e-01
7.183797946485361852e-01
7.137535422220304682e-01
7.091578888678190529e-01
7.045929776581356663e-01
7.000582426936643454e-01
6.955538209343810063e-01
6.910791588214852954e-01
6.866343874424778448e-01
6.822189652161170237e-01
6.778330174997633240e-01
6.734760144484446265e-01
6.691480759067507389e-01
6.648486834833516879e-01
6.605779516637058091e-01
6.563353732273150554e-01
6.521210574729667808e-01
6.479345081026458564e-01
6.437758294319360086e-01
6.396445357925465425e-01
6.355407266162174107e-01
6.314639266804287221e-01
6.274142307193535384e-01
6.233911736791073466e-01
6.193948457506098793e-01
6.154247917552562175e-01
6.114810975161850681e-01
6.075633175860677415e-01
6.036715335190815379e-01
5.998053092896934446e-01
5.959647223669796157e-01
5.921493459940776471e-01
5.883592536359597558e-01
5.845940275652216078e-01
5.808537373953850391e-01
5.771379742173615712e-01
5.734468039441140697e-01
5.697798262760019883e-01
5.661371035266123952e-01
5.625182438070038815e-01
5.589233059595882791e-01
5.553519063049267013e-01
5.518041003260109045e-01
5.482795123929573577e-01
5.447781947355102572e-01
5.412997795568463832e-01
5.378443159493631054e-01
5.344114437836599008e-01
5.310012091222532371e-01
5.276132593264027948e-01
5.242476375539776301e-01
5.209039984512794375e-01
5.175823823248723032e-01
5.142824509968292324e-01
5.110042420782334727e-01
5.077474243539848997e-01
5.045120327508492153e-01
5.012977429025794462e-01
4.981045872461066226e-01
4.949322480697592730e-01
4.917807552716411679e-01
4.886497976996185821e-01
4.855394029399970335e-01
4.824492661702143859e-01
4.793794126759849394e-01
4.763295438488739375e-01
4.732996827979274457e-01
4.702895370102001538e-01
4.672991274465229106e-01
4.643281675458855728e-01
4.613766762011508038e-01
4.584443726745804915e-01
4.555312739197038274e-01
4.526371048287846088e-01
4.497618804360506983e-01
4.469053312503596942e-01
4.440674704527941552e-01
4.412480339532613427e-01
4.384470331519613184e-01
4.356642093099328816e-01
4.328995721457786217e-01
4.301528680541469862e-01
4.274241050873205383e-01
4.247130347724877852e-01
4.220196635967661813e-01
4.193437480073300971e-01
4.166852929918029025e-01
4.140440598320298538e-01
4.114200520395314697e-01
4.088130356749667405e-01
4.062230128391979278e-01
4.036497542162590935e-01
4.010932605380281846e-01
3.985533070574251990e-01
3.960298932143221928e-01
3.935227986691264834e-01
3.910320215988782322e-01
3.885573460343472729e-01
3.860987689586697358e-01
3.836560786293101710e-01
3.812292708620587112e-01
3.788181380876703974e-01
3.764226750159295198e-01
3.740426781099184805e-01
3.716781410406748698e-01
3.693288642584916515e-01
3.669948403963674277e-01
3.646758737738886036e-01
3.623719560580450083e-01
3.600828954004742788e-01
3.578086824892984241e-01
3.555491291953725708e-01
3.533042253640713559e-01
3.510737864662839547e-01
3.488578014576338426e-01
3.466560893997801540e-01
3.444686384447369631e-01
3.422952711286572636e-01
3.401359747819294732e-01
3.379905753657880263e-01
3.358590594914006022e-01
3.337412564430283779e-01
3.316371520812497198e-01
3.295465789646062627e-01
3.274695222898618141e-01
3.254058178165472603e-01
3.233554500555322897e-01
3.213182578793904454e-01
3.192942252105038237e-01
3.172831939974281590e-01
3.152851475306432949e-01
3.132999307430513469e-01
3.113275263824312189e-01
3.093677823168871077e-01
3.074206807591381430e-01
3.054860724311134201e-01
3.035639390231837931e-01
3.016541340942465732e-01
2.997566388315224262e-01
2.978713095344178163e-01
2.959981269462766407e-01
2.941369500498923206e-01
2.922877591611633963e-01
2.904504158846535899e-01
2.886249001153392557e-01
2.868110760709973173e-01
2.850089232415357055e-01
2.832183083402284307e-01
2.814392104990023347e-01
2.796714989407830254e-01
2.779151524362675207e-01
2.761700425963978245e-01
2.744361478775951269e-01
2.727133422785167904e-01
2.710016039446920821e-01
2.693008092013404187e-01
2.676109358787209791e-01
2.659318625826655458e-01
2.642635668927447168e-01
2.626059296384287145e-01
2.609589281498658209e-01
2.593224454183081229e-01
2.576964585116366946e-01
2.560808526185026079e-01
2.544756045954792989e-01
2.528806016593710959e-01
2.512958204894523706e-01
2.497211503671121213e-01
2.481565677503710654e-01
2.466019639678165565e-01
2.450573153290505901e-01
2.435225150742310607e-01
2.419975393237384365e-01
2.404822832991179993e-01
2.389767230010851617e-01
2.374807555159835493e-01
2.359943566846946228e-01
2.345174254489390542e-01
2.330499375596236655e-01
2.315917937593942599e-01
2.301429696880640807e-01
2.287033678581353591e-01
2.272729638200911284e-01
2.258516618425284728e-01
2.244394373891146488e-01
2.230361964167285604e-01
2.216419143193860963e-01
2.202564987301537658e-01
2.188799249880452880e-01
2.175121023697054456e-01
2.161530061513008971e-01
2.148025472204637687e-01
2.134607008158852237e-01
2.121273793842228805e-01
2.108025581405035820e-01
2.094861510816933281e-01
2.081781333950538382e-01
2.068784205979368740e-01
2.055869878509084536e-01
2.043037521476376572e-01
2.030286886629258380e-01
2.017617158355722029e-01
2.005028088420817700e-01
1.992518875461107286e-01
1.980089271514445248e-01
1.967738489140351821e-01
1.955466280193339235e-01
1.943271871129523543e-01
1.931155014322840369e-01
1.919114949561724348e-01
1.907151429301605083e-01
1.895263706608951437e-01
1.883451534418113527e-01
1.871714178617263635e-01
1.860051392735853348e-01
1.848462455382139380e-01
1.836947120374560483e-01
1.825504678537041015e-01
1.814134884760204847e-01
1.802837041905079041e-01
1.791610905323437475e-01
1.780455789898523489e-01
1.769371451621875591e-01
1.758357217227710656e-01
1.747412843498034329e-01
1.736537668529238299e-01
1.725731449854503718e-01
1.714993536960500442e-01
1.704323688062688857e-01
1.693721263717888059e-01
1.683186023209280180e-01
1.672717337696950080e-01
1.662314967511938635e-01
1.651978294654417867e-01
1.641707080106145911e-01
1.631500716323413258e-01
1.621358965495114379e-01
1.611281230215005911e-01
1.601267273737758401e-01
1.591316508533272833e-01
1.581428699173743346e-01
1.571603267963095629e-01
1.561839980385915649e-01
1.552138268664922105e-01
1.542497899138537687e-01
1.532918313592029069e-01
1.523399279937886208e-01
1.513940249037606933e-01
1.504540989822406860e-01
1.495200962216775842e-01
1.485919936623012472e-01
1.476697382039250384e-01
1.467533070051546262e-01
1.458426478195737064e-01
1.449377379701619062e-01
1.440385260525126609e-01
1.431449895022624819e-01
1.422570778073172781e-01
1.413747685297953582e-01
1.404980119637584957e-01
1.396267858104294768e-01
1.387610411935909505e-01
1.379007559422948392e-01
1.370458819731429079e-01
1.361963972768591713e-01
1.353522545545991218e-01
1.345134319216519658e-01
1.336798828749256041e-01
1.328515856614652380e-01
1.320284945016050038e-01
1.312105878158489891e-01
1.303978205790752021e-01
1.295901713650337017e-01
1.287875958682205835e-01
1.279900727931385651e-01
1.271975585612065696e-01
1.264100320023609780e-01
1.256274502662568515e-01
1.248497923674719567e-01
1.240770160994522503e-01
1.233091006321746785e-01
1.225460044431108675e-01
1.217877068730136431e-01
1.210341670545831971e-01
1.202853644424043550e-01
1.195412588515579466e-01
1.188018299048560489e-01
1.180670380761244947e-01
1.173368631104018123e-01
1.166112661059351269e-01
1.158902269737921015e-01
1.151737074245081094e-01
1.144616875398852957e-01
1.137541296448828371e-01
1.130510139646050127e-01
1.123523034064945469e-01
1.116579783674931242e-01
1.109680023489028194e-01
1.102823559032702905e-01
1.096010030896378412e-01
1.089239246239574188e-01
1.082510851532950957e-01
1.075824655575926408e-01
1.069180309961264147e-01
1.062577625011873611e-01
1.056016258215844578e-01
1.049496021538811330e-01
1.043016577605498513e-01
1.036577739751494698e-01
1.030179176137459712e-01
1.023820701657239818e-01
1.017501989652139921e-01
1.011222856631901479e-01
1.004982980818055482e-01
9.987821805014723830e-02
9.926201389921238127e-02
9.864966759005300290e-02
9.804114793261384242e-02
9.743643708475241416e-02
9.683550434400772788e-02
9.623833198165074321e-02
9.564488978418618503e-02
9.505516021069505828e-02
9.446911350028179555e-02
9.388673224064857104e-02
9.330798713266234834e-02
9.273286094788991962e-02
9.216132483135026920e-02
9.159336169582857345e-02
9.102894314548272414e-02
9.046805224084931984e-02
8.991066101337601146e-02
8.935675268362354429e-02
8.880629971503702091e-02
8.825928548411793306e-02
8.771568286590281094e-02
8.717547539092847242e-02
8.663863635220997450e-02
8.610514944063862863e-02
8.557498834545980426e-02
8.504813690316538610e-02
8.452456922030633646e-02
8.400426926663870364e-02
8.348721155056704202e-02
8.297338021056593904e-02
8.246275011499787366e-02
8.195530555329184896e-02
8.145102179434643430e-02
8.094988326156896119e-02
8.045186557712862008e-02
7.995695334471225602e-02
7.946512257086567332e-02
7.897635797593632878e-02
7.849063591329963341e-02
7.800794127976137804e-02
7.752825078129743641e-02
7.705154944438095954e-02
7.657781433656353498e-02
7.610703062690943321e-02
7.563917573465661626e-02
7.517423496254070636e-02
7.471218606501325854e-02
7.425301449971558054e-02
7.379669833941841783e-02
7.334322321186494131e-02
7.289256750651075534e-02
7.244471697084173267e-02
7.199965031410124339e-02
7.155735343761125689e-02
7.111780539940001922e-02
7.068099221280632616e-02
7.024689323209948322e-02
6.981549462730377020e-02
6.938677605267999648e-02
6.896072382149739943e-02
6.853731788238721923e-02
6.811654469397504519e-02
6.769838450730567003e-02
6.728282391435363996e-02
6.686984343488905358e-02
6.645942979592395217e-02
6.605156384892797716e-02
6.564623243714083622e-02
6.524341666217520208e-02
6.484310352010300149e-02
6.444527440169015020e-02
6.404991643982481386e-02
6.365701127114792301e-02
6.326654617812556280e-02
6.287850306128082989e-02
6.249286933675100159e-02
6.210962717962787566e-02
6.172876411271107505e-02
6.135026257973566488e-02
6.097411024565001225e-02
6.060028979050039594e-02
6.022878901742376168e-02
5.985959086881199182e-02
5.949268326831978759e-02
5.912804938627221063e-02
5.876567727142651548e-02
5.840555038357871792e-02
5.804765687204933855e-02
5.769198039932178085e-02
5.733850927528655328e-02
5.698722742381039791e-02
5.663812323411697436e-02
5.629118086601044707e-02
5.594638884602071843e-02
5.560373154321959083e-02
5.526319764269490425e-02
5.492477173476349728e-02
5.458844257066164385e-02
5.425419497550242748e-02
5.392201787462712337e-02
5.359189629188763904e-02
5.326381923845226879e-02
5.293777196498614807e-02
5.261374361042860798e-02
5.229171963126603984e-02
5.197168927731016241e-02
5.165363823426358247e-02
5.133755585227776919e-02
5.102342800914822646e-02
5.071124417025343195e-02
5.040099043307334076e-02
5.009265638455496356e-02
4.978622830012633532e-02
4.948169588088979776e-02
4.917904558624135863e-02
4.887826725305861875e-02
4.857934753238878078e-02
4.828227634519287326e-02
4.798704054902717259e-02
4.769363017599806409e-02
4.740203226386104779e-02
4.711223695668349115e-02
4.682423147654826701e-02
4.653800609359959317e-02
4.625354817983358402e-02
4.597084810422382567e-02
4.568989344109296996e-02
4.541067465446931017e-02
4.513317949761506964e-02
4.485739854191604647e-02
4.458331970937361166e-02
4.431093369061706033e-02
4.404022855408031706e-02
4.377119508948684734e-02
4.350382154165408077e-02
4.323809879729061806e-02
4.297401528339045429e-02
4.271156199839623580e-02
4.245072750066791051e-02
4.219150286914761377e-02
4.193387685731671949e-02
4.167784065731702098e-02
4.142338314234874502e-02
4.117049560195176067e-02
4.091916709798837370e-02
4.066938902023860963e-02
4.042115054877811614e-02
4.017444313645410908e-02
3.992925617317243103e-02
3.968558123008517069e-02
3.944340780298485893e-02
3.920272754070636828e-02
3.896353009946745133e-02
3.872580724567403765e-02
3.848954876032401051e-02
3.825474649041626235e-02
3.802139037015163370e-02
3.778947233969913444e-02
3.755898246998062157e-02
3.732991279707983945e-02
3.710225352255219072e-02
3.687599676689536088e-02
3.665113286642132651e-02
3.642765405165978437e-02
3.620555078486759754e-02
3.598481537611426112e-02
3.576543840770152888e-02
3.554741227026317341e-02
3.533072771517514060e-02
3.511537720652466860e-02
3.202178662793454117e-02
3.194194112120651852e-02
6.265930348178676279e-02
1.102538448909859831e-01
1.350798027480337726e-01
1.005699303191193161e-01
6.622372031642646817e-02
4.625090204261039784e-02
