3.702240630669796519e+04
3.704930747166579386e+04
3.374853090789540875e+04
3.050901912486441506e+04
2.719757595373965523e+04
2.404271239843056537e+04
2.102832683734264720e+04
1.839478585706389640e+04
1.614440100637974865e+04
1.454685204986959798e+04
1.399183895479048078e+04
1.492370708964572441e+04
1.742312193923015366e+04
1.754859664443510701e+04
1.467977477213791826e+04
1.239688472666420057e+04
1.150791102306645735e+04
1.211806555985480190e+04
1.129155283516103918e+04
8.611210403657934876e+03
7.017876325110013568e+03
6.237179105489381072e+03
6.033586570556357401e+03
6.343518152208003812e+03
6.857224378914694171e+03
7.233444156106559603e+03
7.279295406279528834e+03
7.224812806418643049e+03
7.214454361701196831e+03
7.242094156484152336e+03
7.319364781558500908e+03
7.532885899090794737e+03
7.755945198263054408e+03
7.857188221444414921e+03
7.879172094240153456e+03
7.884716115608493055e+03
7.918351503742784189e+03
7.959963657454425629e+03
8.007674224608935219e+03
7.997995428829631237e+03
7.954409833707391044e+03
7.936109491780965982e+03
7.963846024933613080e+03
7.934436209447177134e+03
7.878540999931680744e+03
5.954554407594523582e+03
3.304414478112692450e+03
2.327794233140208689e+03
1.860250519717144925e+03
1.589321338692911695e+03
1.406696146561556134e+03
1.273978618648053271e+03
1.171494913043711222e+03
1.088823006552609058e+03
1.019357349047591015e+03
9.596262046378938066e+02
9.081468435247331854e+02
8.629734784675165429e+02
8.228992776460323739e+02
7.870386400913464513e+02
7.544754317886894341e+02
7.245760347408158850e+02
6.970717750967085067e+02
6.715283872767680577e+02
6.478623328907762016e+02
6.257985255613494928e+02
6.051577058617588136e+02
5.857516352352623699e+02
5.674689791440607678e+02
5.501683729172046924e+02
5.337419994177514582e+02
5.180867567265603384e+02
5.031368950980736372e+02
4.888369950547169083e+02
4.751819219184646954e+02
4.621223682430766075e+02
4.496399614291921694e+02
4.376893167673089806e+02
4.262269986871709193e+02
4.151714055652549860e+02
4.045017546991807080e+02
3.941560918450753093e+02
3.841138609264637580e+02
3.743373588550495015e+02
3.648405017809437254e+02
3.555921248792017195e+02
3.466193280946906725e+02
3.379143002361146273e+02
3.295108093139058951e+02
3.213984376562779630e+02
3.136116691187517063e+02
3.061195049271420885e+02
2.989136203621910681e+02
2.919403784224609808e+02
2.851932875981471511e+02
2.786245364737619070e+02
2.722276924295875915e+02
2.659626377458870365e+02
2.598297480725572086e+02
2.537922776052031963e+02
2.478611624582387378e+02
2.420189043469465844e+02
2.362930535355660879e+02
2.306797622876952687e+02
2.252153145764268913e+02
2.198960413029460028e+02
2.147485121366350427e+02
2.097619182810882421e+02
2.049542593784925657e+02
2.003093121487122517e+02
1.958417211793085357e+02
1.915390713690137261e+02
1.874140808094046520e+02
1.834502092717168011e+02
1.796525965889650251e+02
1.760014727180434306e+02
1.724971727381571043e+02
1.691182869750973623e+02
1.658636212571081501e+02
1.627154757341487539e+02
1.596758280460521178e+02
1.567308917681960168e+02
1.538836544729215916e+02
1.511222116807353189e+02
1.484496117959902790e+02
1.458548926444438223e+02
1.433403188308057565e+02
1.408955325223303987e+02
1.385226156517520906e+02
1.362127954225006476e+02
1.339690175394225946e+02
1.317846775272321338e+02
1.296637130577796029e+02
1.276010083582920345e+02
1.256000939039482773e+02
1.236554036405213424e+02
1.217683500435258139e+02
1.199320806746000159e+02
1.181463372559415745e+02
1.164043295326845993e+02
1.147058715341964898e+02
1.130454906088302209e+02
1.114236683197998872e+02
1.098360800172610823e+02
1.082834702401318623e+02
1.067622260458432351e+02
1.052731350318692591e+02
1.038131315144198936e+02
1.023829781817980802e+02
1.009800532656940959e+02
9.960505675229295264e+01
9.825573948124137758e+01
9.693271959030866469e+01
9.563405877537920219e+01
9.436027844995972202e+01
9.310970302910895668e+01
9.188276064319744307e+01
9.067801389829780589e+01
8.949581890929428596e+01
8.833496216533852419e+01
8.719574181836254922e+01
8.607713309759016340e+01
8.497935639072512970e+01
8.390150948658661889e+01
8.284369401953421175e+01
8.180506633181826714e+01
8.078559040686548087e+01
7.978445712381660826e+01
7.880151657611428107e+01
7.783600737717759444e+01
7.688771020035878223e+01
7.595593048015864213e+01
7.504041522039891277e+01
7.414054241950678659e+01
7.325604519650207180e+01
7.238636885105096042e+01
7.153124331340634967e+01
7.069017218208450970e+01
6.986288934449147803e+01
6.904894733348835700e+01
6.824808957394846232e+01
6.745990894714996955e+01
6.668416333343385816e+01
6.592047876550043384e+01
6.516863231329656969e+01
6.442827744134309853e+01
6.369921483339736312e+01
6.298112064524357123e+01
6.227382269319036823e+01
6.157701528801046464e+01
6.089055532845146246e+01
6.021415030650253186e+01
5.954768622881814366e+01
5.889087815217259703e+01
5.824363947321437962e+01
5.760568691297421395e+01
5.697695853679884692e+01
5.635716735683468670e+01
5.574627343649756739e+01
5.514398213496337320e+01
5.455027381028620681e+01
5.396484418296428487e+01
5.338769352721607220e+01
5.281850777481887604e+01
5.225730774961887448e+01
5.170377060552526416e+01
5.115793864524608381e+01
5.061948157950160976e+01
5.008846372692058679e+01
4.956454840371436177e+01
4.904782173077860108e+01
4.853794117244577677e+01
4.803501369792841302e+01
4.753869104870142337e+01
4.704909958359223054e+01
4.656588526223651314e+01
4.608919215352816678e+01
4.561866039692372965e+01
4.515445008936126925e+01
4.469619565409443140e+01
4.424407165036107870e+01
4.379770706455945373e+01
4.335728950441039586e+01
4.292244294859285958e+01
4.249336677885188607e+01
4.206968049551974786e+01
4.165159408990744083e+01
4.123872316494909995e+01
4.083128724031232792e+01
4.042889861869513624e+01
4.003178533454384080e+01
3.963955698405460737e+01
3.925244916585631927e+01
3.887006935312233935e+01
3.849265982391643348e+01
3.811982650183392707e+01
3.775181753064902068e+01
3.738823785060952076e+01
3.702934073181545216e+01
3.667473069124158513e+01
3.632466545981552741e+01
3.597874968290101805e+01
3.563724495472956733e+01
3.529975658699628838e+01
3.496654949805612489e+01
3.463723018188152025e+01
3.431206638789521435e+01
3.399066627792165463e+01
3.367329997308237921e+01
3.335957775059237918e+01
3.304977166653080900e+01
3.274349451774779851e+01
3.244101987295513112e+01
3.214196340721671419e+01
3.184659978887054166e+01
3.155454788473278072e+01
3.126608305702364277e+01
3.098082763563435904e+01
3.069905727882205326e+01
3.042039801328162341e+01
3.014512540532503948e+01
2.987286937996858072e+01
2.960390503676681107e+01
2.933786637391419205e+01
2.907502766574378228e+01
2.881502713698484186e+01
2.855813789790283863e+01
2.830400253620910078e+01
2.805289268135785719e+01
2.780445540725909481e+01
2.755896056988122211e+01
2.731605984221313577e+01
2.707602103929382409e+01
2.683850053781841183e+01
2.660376387009109678e+01
2.637147221414911868e+01
2.614188860318268581e+01
2.591467910804351504e+01
2.569010407091334613e+01
2.546783454095941934e+01
2.524812800066171548e+01
2.503066055674726798e+01
2.481568668477787654e+01
2.460288762172229227e+01
2.439251470850362224e+01
2.418425437764890518e+01
2.397835472510808685e+01
2.377450743652763876e+01
2.357295726778263401e+01
2.337340120656072884e+01
2.317608058688332662e+01
2.298069773854327380e+01
2.278749050328811876e+01
2.259616658369198205e+01
2.240696026869567348e+01
2.221958465491381318e+01
2.203427042636224087e+01
2.185073608566670700e+01
2.166920866712244376e+01
2.148941208213441456e+01
2.131156967707757488e+01
2.113541076631028304e+01
2.096115497576357711e+01
2.078853700862311271e+01
2.061777274337104515e+01
2.044860225039200330e+01
2.028123763861973927e+01
2.011542431693932897e+01
1.995137060750349178e+01
1.978882722277511164e+01
1.962799868545489090e+01
1.946864097086007206e+01
1.931095479416649852e+01
1.915470134784223788e+01
1.900007753573325431e+01
1.884684971723606850e+01
1.869521098541617476e+01
1.854493281237921565e+01
1.839620448518887130e+01
1.824880253095141924e+01
1.810291243959374441e+01
1.795831573243148327e+01
1.781519411501167127e+01
1.767333403944999048e+01
1.753291344359497472e+01
1.739372364452733066e+01
1.725593883272824058e+01
1.711935512241507951e+01
1.698414298050891702e+01
1.685010324878478016e+01
1.671740269777960819e+01
1.658584682576075764e+01
1.645559873714113053e+01
1.632646851426607171e+01
1.619861562875261285e+01
1.607185467350427999e+01
1.594634152335902577e+01
1.582189520739147248e+01
1.569866804226756507e+01
1.557648341804722492e+01
1.545549013422294671e+01
1.533551586602218109e+01
1.521670593897061963e+01
1.509889223722167984e+01
1.498221665748089215e+01
1.486651521621932126e+01
1.475192642831964207e+01
1.463829036574923670e+01
1.452574221019908229e+01
1.441412601214877931e+01
1.430357367020813086e+01
1.419393313645755406e+01
1.408533307775473808e+01
1.397762527087339635e+01
1.387093520345099407e+01
1.376511840029255929e+01
1.366029722331507479e+01
1.355633086892655115e+01
1.345333862756038812e+01
1.335118329117950964e+01
1.324998113377274400e+01
1.314959846717766112e+01
1.305014860448518732e+01
1.295150130230232222e+01
1.285376696873865221e+01
1.275681873055168936e+01
1.266076414719658949e+01
1.256547964167231157e+01
1.247106998118604260e+01
1.237741481169434365e+01
1.228461616476305096e+01
1.219255683676679780e+01
1.210133618016460844e+01
1.201084007001787057e+01
1.192116523612478574e+01
1.183220056137347420e+01
1.174404020914531799e+01
1.165657600007176242e+01
1.156989958716232358e+01
1.148390565975130784e+01
1.139868341610049995e+01
1.131413034607188983e+01
1.123033324844196734e+01
1.114719234646413071e+01
1.106479209417726572e+01
1.098303538212684494e+01
1.090200437393760247e+01
1.082160456227173029e+01
1.074191587398962611e+01
1.066284633985187114e+01
1.058447370306221202e+01
1.050670846953420856e+01
1.042962625120063969e+01
1.035313996725474261e+01
1.027732315005792962e+01
1.020209107133611504e+01
1.012751523488428163e+01
1.005351320532099813e+01
9.980154508037403005e+00
9.907358942072653107e+00
9.835194103866873760e+00
9.763581969459632859e+00
9.692588254950084803e+00
9.622137057237626578e+00
9.552292259810357677e+00
9.482980025291540827e+00
9.414262451536455245e+00
9.346067712982135234e+00
9.278456167861413917e+00
9.211357949609592310e+00
9.144831722099429072e+00
9.078809526126473628e+00
9.013348375465069395e+00
8.948382167698609280e+00
8.883966309953853724e+00
8.820036507270490489e+00
8.756646602684726943e+00
8.693734060298679012e+00
8.631351200687857883e+00
8.569437199941216221e+00
8.508042896917977771e+00
8.447109133553183824e+00
8.386685306908081117e+00
8.326713879780486494e+00
8.267242846353795471e+00
8.208216246336375477e+00
8.149680709235731513e+00
8.091581808823665511e+00
8.033964847075674598e+00
7.976776890000823350e+00
7.920061948423289699e+00
7.863768539806634372e+00
7.807939419342622145e+00
7.752524516155191669e+00
7.697565364455131842e+00
7.643013266251604598e+00
7.588908568573105917e+00
7.535203908519963356e+00
7.481938478921417612e+00
7.429066215144038310e+00
7.376625187979682252e+00
7.324570595158201414e+00
7.272939416816079472e+00
7.221688078108133624e+00
7.170852499060926810e+00
7.120390298175124144e+00
7.070336365160754255e+00
7.020649478781779251e+00
6.971363527431878815e+00
6.922438417797188492e+00
6.873907065247210291e+00
6.825730473031606849e+00
6.777940610986716408e+00
6.730499548353771289e+00
6.683438336217812470e+00
6.636720080030607427e+00
6.590374938280905148e+00
6.544367023702199582e+00
6.498725627518732395e+00
6.453415841585069757e+00
6.408466114585796625e+00
6.363842490116105033e+00
6.319572598354143977e+00
6.275623407980828183e+00
6.232021754056470186e+00
6.188735504446690072e+00
6.145790721855341587e+00
6.103156148129484926e+00
6.060857095731730482e+00
6.018863155992163705e+00
5.977198912624097638e+00
5.935834782663039100e+00
5.894794642009462571e+00
5.854049710201399748e+00
5.813623175669707877e+00
5.773487037968503266e+00
5.733663817815330077e+00
5.694126272922109600e+00
5.654896275506128944e+00
5.615947320148575450e+00
5.577300649247443509e+00
5.538930473603267401e+00
5.500857423949586433e+00
5.463056407231286826e+00
5.425547460126767696e+00
5.388306166226548122e+00
5.351351985306431303e+00
5.314661158602884683e+00
5.278252585631753035e+00
5.242103146897639121e+00
5.206231197846351577e+00
5.170614240308903931e+00
5.135270101341896876e+00
5.100176886756632832e+00
5.065351910521089351e+00
5.030773865461332761e+00
4.996459567270025381e+00
4.962388279438890493e+00
4.928576333767676232e+00
4.895003548443281893e+00
4.861685785371814283e+00
4.828603401924721261e+00
4.795771803716963433e+00
4.763171872280979713e+00
4.730818570077386376e+00
4.698693288198491302e+00
4.666810558764693972e+00
4.635152268186117475e+00
4.603732530775118903e+00
4.572533714460075949e+00
4.541569527695515696e+00
4.510822806596074486e+00
4.480306865548400630e+00
4.450004995750667547e+00
4.419930128948577064e+00
4.390065998812338499e+00
4.360425165429202998e+00
4.330991792685516373e+00
4.301778079799038146e+00
4.272768608893058762e+00
4.243975228709182979e+00
4.215382928080559921e+00
4.187003215388315880e+00
4.158821474875720625e+00
4.130848884397776644e+00
4.103071212691553171e+00
4.075499316648662607e+00
4.048119338844554882e+00
4.020941824446321533e+00
3.993953279585900074e+00
3.967163946701790955e+00
3.940560685452465517e+00
3.914153444257804537e+00
3.887929426580194026e+00
3.861898295298034078e+00
3.836047588219101190e+00
3.810386690910325225e+00
3.784903466307217190e+00
3.759607030684145812e+00
3.734485563213687964e+00
3.709547918586033166e+00
3.684782583495735508e+00
3.660198158624991205e+00
3.635783429819193113e+00
3.611546750993928079e+00
3.587477198944825751e+00
3.563582887970045743e+00
3.539853177870860179e+00
3.516295950188547348e+00
3.492900839966500026e+00
3.469675502692756819e+00
3.446609841215261483e+00
3.423711291464143436e+00
3.400970016739247814e+00
3.378393239682361049e+00
3.355971377022374469e+00
3.333711444244775723e+00
3.311604104582078989e+00
3.289656172329078476e+00
3.267858550550903907e+00
3.246217858095039155e+00
3.224725231337417508e+00
3.203387099287222206e+00
3.182194825377226088e+00
3.161154654196497660e+00
3.140258170039002650e+00
3.119511438361803890e+00
3.098906258408478553e+00
3.078448521627722201e+00
3.058130236369528632e+00
3.037957125070022801e+00
3.017921399599686971e+00
2.998028618184261695e+00
2.978271190683381420e+00
2.958654515841184995e+00
2.939171196257706953e+00
2.919826475716242875e+00
2.900613144327846005e+00
2.881536295366833755e+00
2.862588901459022228e+00
2.843775909622229925e+00
2.825090470161176093e+00
2.806537388039870518e+00
2.788109986411186902e+00
2.769812932225118818e+00
2.751639716933648838e+00
2.733594873411242965e+00
2.715672056880666929e+00
2.697875669961919964e+00
2.680199527329059528e+00
2.662647905013032279e+00
2.645214772923326407e+00
2.627904284147478897e+00
2.610710559618713678e+00
2.593637632984206576e+00
2.576679772297756355e+00
2.559840895121158422e+00
2.543115412659965102e+00
2.526507129731649925e+00
2.510010596959938223e+00
2.493629509595892912e+00
2.477358553974201794e+00
2.461201318894902901e+00
2.445152622834426914e+00
2.429215951165244913e+00
2.413386251037088037e+00
2.397666907312912876e+00
2.382052992416232140e+00
2.366547793590398019e+00
2.351146505232581063e+00
2.335852319720792547e+00
2.320660550246661735e+00
2.305574296988639027e+00
2.290588988815156046e+00
2.275707636328441641e+00
2.260925781084931696e+00
2.246246346641386893e+00
2.231664984228157511e+00
2.217184532854009849e+00
2.202800750597972979e+00
2.188516394312710389e+00
2.174327326134875893e+00
2.160236223049071036e+00
2.146239048547992745e+00
2.132338402022126544e+00
2.118530345733597997e+00
2.104817403651380925e+00
2.091195734157433428e+00
2.077667788024223139e+00
2.064229817305534453e+00
2.050884201513269112e+00
2.037627283977179626e+00
2.024461375072773350e+00
2.011382906992883246e+00
1.998394122854067811e+00
1.985491541488944245e+00
1.972677340700533799e+00
1.959948123646461315e+00
1.947306004654196343e+00
1.934747669079610377e+00
1.922275169586454169e+00
1.909885271604617518e+00
1.897579967814567059e+00
1.885356101700306652e+00
1.873215607704763919e+00
1.861155405326619938e+00
1.849177372398751018e+00
1.837278502486675347e+00
1.825460618429868065e+00
1.813720785999291651e+00
1.802060774522858511e+00
1.790477720127781502e+00
1.778973340254218272e+00
1.767544839526564049e+00
1.756193884892992996e+00
1.744917747822306797e+00
1.733718046205029673e+00
1.722592116578693044e+00
1.711541529169120279e+00
1.700563683988155272e+00
1.689660104930075679e+00
1.678828253843785090e+00
1.668069609608730186e+00
1.657381694338269540e+00
1.646765943172762148e+00
1.636219937003017710e+00
1.625745068417691952e+00
1.615338975578874070e+00
1.605003009792932422e+00
1.594734865028942128e+00
1.584535852431636638e+00
1.574403720397328454e+00
1.564339741081561375e+00
1.554341715920934952e+00
1.544410879128114811e+00
1.534545083871717175e+00
1.524745527538097445e+00
1.515010113712188966e+00
1.505340003959103168e+00
1.495733151040419928e+00
1.486190681741670794e+00
1.476710596725553382e+00
1.467293988977858232e+00
1.457938905892366854e+00
1.448646407619210930e+00
1.439414587106112586e+00
1.430244472547133272e+00
1.421134201343791315e+00
1.412084770699703506e+00
1.403094361323166561e+00
1.394163940253038358e+00
1.385291730452488546e+00
1.376478669675649247e+00
1.367723022082264261e+00
1.359025696965106000e+00
1.350384998655866919e+00
1.341801808804087282e+00
1.333274470910839726e+00
1.324803839772125347e+00
1.316388297100153482e+00
1.308028671530951925e+00
1.299723382090844481e+00
1.291473232073516941e+00
1.283276676818259299e+00
1.275134494975371346e+00
1.267045177341380890e+00
1.259009478608251076e+00
1.251025924150921176e+00
1.243095245408468497e+00
1.235216001513200768e+00
1.227388901247923769e+00
1.219612536662175950e+00
1.211887594590006723e+00
1.204212699182754420e+00
1.196588515919497775e+00
1.189013700273135576e+00
1.181488896980402936e+00
1.174012792072137490e+00
1.166586010148053854e+00
1.159207267057716928e+00
1.151877167800745783e+00
1.144594457298024448e+00
1.137359721564746851e+00
1.130171733898564401e+00
1.123031061833263067e+00
1.115936506349368917e+00
1.108888617038752411e+00
1.101886221887055983e+00
1.094929853077482029e+00
1.088018364957190176e+00
1.081152272735469211e+00
1.074330456502779141e+00
1.067553415018149154e+00
1.060820053486163816e+00
1.054130854693060337e+00
1.047484748330692828e+00
1.040882201660325412e+00
1.034322168265825681e+00
1.027805100309249653e+00
1.021329974770659232e+00
1.014897229187807337e+00
1.008505863250459322e+00
1.002156300254229970e+00
9.958475621612348228e-01
9.895800584445489934e-01
9.833528327383175283e-01
9.771662811270294124e-01
9.710194684303198320e-01
9.649127776774056864e-01
9.588452943482538293e-01
9.528173888044220163e-01
9.468281667328659612e-01
9.408779862444142106e-01
9.349659726887946665e-01
9.290924721709872269e-01
9.232566293248257727e-01
9.174587787158169361e-01
9.116980837049819542e-01
9.059748675768486414e-01
9.002883120614694201e-01
8.946387294984583516e-01
8.890253194905687328e-01
8.834483837987808785e-01
8.779071395036421865e-01
8.724018780489197766e-01
8.669318335568000355e-01
8.614972874650222989e-01
8.560974905729035189e-01
8.507327146118400796e-01
8.454022266415039955e-01
8.401062889704122849e-01
8.348441845035565745e-01
8.296161664077159603e-01
8.244215331535914570e-01
8.192605289617038711e-01
8.141324674555349139e-01
8.090375842658840133e-01
8.039752077889871229e-01
7.989455652645006678e-01
7.939479995395379852e-01
7.889827297499262260e-01
7.840491128563430445e-01
7.791473600929719190e-01
7.742768421894608011e-01
7.694377627406872033e-01
7.646295059359812241e-01
7.598522679451027440e-01
7.551054461074339086e-01
7.503892293686256210e-01
7.457030279009324580e-01
7.410470236864693527e-01
7.364206394438865821e-01
7.318240503385481377e-01
7.272566913764421104e-01
7.227187311259284375e-01
7.182096165437485968e-01
7.137295098224091250e-01
7.092778696370032332e-01
7.048548519769404219e-01
7.004599269226120528e-01
6.960932444495498972e-01
6.917542858215450785e-01
6.874431951616799541e-01
6.831594646515908309e-01
6.789032327938476774e-01
6.746740024015248638e-01
6.704719064618306357e-01
6.662964582157077098e-01
6.621477853562056648e-01
6.580254112779433395e-01
6.539294585010578809e-01
6.498594604007085218e-01
6.458155344886518101e-01
6.417972238421749687e-01
6.378046411137240357e-01
6.338373389010857339e-01
6.298954251495533230e-01
6.259784616890848863e-01
6.220865519451582726e-01
6.182192668472848984e-01
6.143767053790123445e-01
6.105584473420381242e-01
6.067645873979370386e-01
6.029947140209345191e-01
5.992489177641007192e-01
5.955267955315221018e-01
5.918284338546784262e-01
5.881534379621519149e-01
5.845018904377625724e-01
5.808734045888056530e-01
5.772680592622017048e-01
5.736854756828699831e-01
5.701257290076274797e-01
5.665884481870485656e-01
5.630737048390028754e-01
5.595811354848473362e-01
5.561108083170178684e-01
5.526623672468702342e-01
5.492358771360527081e-01
5.458309890862920177e-01
5.424477647438380457e-01
5.390858623353206314e-01
5.357453403482138610e-01
5.324258638993232262e-01
5.291274884753393026e-01
5.258498859519439295e-01
5.225931089001382146e-01
5.193568357791720214e-01
5.161411163242867195e-01
5.129456354702796039e-01
5.097704401987883660e-01
5.066152217579816819e-01
5.034800244990644824e-01
5.003645458429237802e-01
4.972688275635330779e-01
4.941925731221832319e-01
4.911358218035799528e-01
4.880982829887612895e-01
4.850799935692157172e-01
4.820806686967544219e-01
4.791003429316565421e-01
4.761387370750891912e-01
4.731958834474013220e-01
4.702715083824874354e-01
4.673656420138413981e-01
4.644780160930466195e-01
4.616086586697548122e-01
4.587573067493817547e-01
4.559239863631192047e-01
4.531084397153033461e-01
4.503106908420825283e-01
4.475304870340289232e-01
4.447678504105587738e-01
4.420225332035619958e-01
4.392945557468618811e-01
4.365836750948358658e-01
4.338899097889124534e-01
4.312130216471416477e-01
4.285530275069308059e-01
4.259096937885324397e-01
4.232830356900825208e-01
4.206728242231029258e-01
4.180790729593711896e-01
4.155015573133338802e-01
4.129402893435137334e-01
4.103950488240582506e-01
4.078658463194737016e-01
4.053524658592019270e-01
4.028549165618946493e-01
4.003729866189214559e-01
3.979066837883629693e-01
3.954558003302011682e-01
3.930203426574643277e-01
3.906001070083964799e-01
3.881950985172293311e-01
3.858051173468488582e-01
3.834301673816286060e-01
3.810700525796959504e-01
3.787247756207092753e-01
3.763941442296082074e-01
3.740781599827047166e-01
3.717766342200838903e-01
3.694895673647893286e-01
3.672167743514419547e-01
3.649582545789402110e-01
3.627138264974784643e-01
3.604834884529543593e-01
3.582670623175232549e-01
3.560645454484822614e-01
3.538757630880483562e-01
3.517007116596620464e-01
3.495392196856842437e-01
3.473912826458231407e-01
3.452567322873724143e-01
3.431355632585519899e-01
3.410276104546970388e-01
3.389328676365896964e-01
3.368511727897919306e-01
3.347825188897260440e-01
3.327267469496815733e-01
3.306838491511062683e-01
3.286536694634658584e-01
3.266361993371263428e-01
3.246312856367265520e-01
3.226389190901106097e-01
3.206589494006352181e-01
3.186913666028606262e-01
3.167360231990972719e-01
3.147929085575918440e-01
3.128618778862112260e-01
3.109429199525043930e-01
3.090358926200325596e-01
3.071407840379078991e-01
3.052574546856858806e-01
3.033858921607806569e-01
3.015259594900536744e-01
2.996776436957387380e-01
2.978408103256812156e-01
2.960154458799488242e-01
2.942014183610841549e-01
2.923987137620114307e-01
2.906072024795339215e-01
2.888268700359114538e-01
2.870575891834175053e-01
2.852993449831013884e-01
2.835520125014018844e-01
2.818155763646742473e-01
2.800899138863602866e-01
2.783750092846336566e-01
2.766707420871956091e-01
2.749770961180556528e-01
2.732939530941917439e-01
2.716212964306042310e-01
2.699590099583713543e-01
2.683070767751656316e-01
2.666653828058060394e-01
2.650339107865109511e-01
2.634125486733305266e-01
2.618012788851850625e-01
2.601999913958284449e-01
2.586086682967730366e-01
2.570272015352064177e-01
2.554555729494986660e-01
2.538936763760041293e-01
2.523414933708467145e-01
2.507989196558972900e-01
2.492659365467081722e-01
2.477424416266995333e-01
2.462284159561471397e-01
2.447237589138561709e-01
2.432284513520613645e-01
2.417423944187490070e-01
2.402655687474162249e-01
2.387978772401445626e-01
2.373393003333220397e-01
2.358897426187125113e-01
2.344491843573728307e-01
2.330175318116349537e-01
2.315947650651383194e-01
2.301807920222432025e-01
2.287755926233500936e-01
2.273790763682186911e-01
2.259912230360439089e-01
2.246119437033691491e-01
2.232412180290226367e-01
2.218789586519293311e-01
2.205251450807720892e-01
2.191796914396057228e-01
2.178425771560327240e-01
2.165137178618276037e-01
2.151930928579468272e-01
2.138806192256179350e-01
2.125762761851935079e-01
2.112799822317790455e-01
2.099917164964049954e-01
2.087113988962787103e-01
2.074390084953645075e-01
2.061744665638146345e-01
2.049177520987352508e-01
2.036687877340578878e-01
2.024275523950451738e-01
2.011939700419672628e-01
1.999680195579989495e-01
1.987496261885876858e-01
1.975387687974335948e-01
1.963353738964877526e-01
1.951394202868872441e-01
1.939508357342050460e-01
1.927695990466537224e-01
1.915956392126640095e-01
1.904289350045399454e-01
1.892694165895823510e-01
1.881170627643941051e-01
1.869718048686920819e-01
1.858336216877159719e-01
1.847024457234805461e-01
1.835782557621480626e-01
1.824609854318856306e-01
1.813506135266593766e-01
1.802470747919012461e-01
1.791503480511867918e-01
1.780603691274376676e-01
1.769771168558161578e-01
1.759005281457136360e-01
1.748305818643731135e-01
1.737672159497340441e-01
1.727104093002902463e-01
1.716601009136384526e-01
1.706162697156970998e-01
1.695788557010317332e-01
1.685478378375067088e-01
1.675231571411603115e-01
1.665047926143966850e-01
1.654926862106121666e-01
1.644868170122621709e-01
1.634871279506465713e-01
1.624935981576165200e-01
1.615061714761364953e-01
1.605248271140885807e-01
1.595495098282406210e-01
1.585801988880808366e-01
1.576168399829229183e-01
1.566594124409114441e-01
1.557078628066405623e-01
1.547621705046483831e-01
1.538222829750412191e-01
1.528881796792187497e-01
1.519598089107420669e-01
1.510371502383110742e-01
1.501201527790952672e-01
1.492087961933242224e-01
1.483030304257134668e-01
1.474028351948181714e-01
1.465081612806158617e-01
1.456189884956778369e-01
1.447352683870269940e-01
1.438569808722449661e-01
1.429840782895727969e-01
1.421165406507618190e-01
1.412543210436645602e-01
1.403973995743315051e-01
1.395457300955273705e-01
1.386992928059017083e-01
1.378580422957830509e-01
1.370219588813168243e-01
1.361909978676577315e-01
1.353651396654818040e-01
1.345443403051940767e-01
1.337285802991785566e-01
1.329178163800000534e-01
1.321120291692824411e-01
1.313111760787156190e-01
1.305152378400276647e-01
1.297241725312950344e-01
1.289379610252125163e-01
1.281565620394546634e-01
1.273799565501160524e-01
1.266081039543731912e-01
1.258409853438459958e-01
1.250785607413189005e-01
1.243208113413718646e-01
1.235676977918848674e-01
1.228192014374029778e-01
1.220752835532267627e-01
1.213359255574166795e-01
1.206010893288254615e-01
1.198707564349437843e-01
1.191448893639246581e-01
1.184234697791232971e-01
1.177064607559109716e-01
1.169938440937830920e-01
1.162855834161182350e-01
1.155816606549521924e-01
1.148820400198202751e-01
1.141867035466619523e-01
1.134956160072272818e-01
1.128087595674759080e-01
1.121260995324987325e-01
1.114476182102417529e-01
1.107732814295694646e-01
1.101030716129607345e-01
1.094369551274394226e-01
1.087749145381740057e-01
1.081169167224158428e-01
1.074629443780954902e-01
1.068129648821856681e-01
1.061669610338583508e-01
1.055249007277962447e-01
1.048867669200470171e-01
1.042525279873090099e-01
1.036221669981087640e-01
1.029956528141379724e-01
1.023729686442651499e-01
1.017540838067368947e-01
1.011389816464559055e-01
1.005276319779740135e-01
9.992001825472199283e-02
9.931611072360921333e-02
9.871589298924174360e-02
9.811933577034827325e-02
9.752642279185842755e-02
9.693712519556017815e-02
9.635142685085092140e-02
9.576929933340129486e-02
9.519072662600865098e-02
9.461568077028835455e-02
9.404414588608525638e-02
9.347609438817462701e-02
9.291151052251110654e-02
9.235036715355296466e-02
9.179264867265451988e-02
9.123832831954772904e-02
9.068739061643417421e-02
9.013980921988637429e-02
8.959556876977083084e-02
8.905464331483482765e-02
8.851701762953216590e-02
8.798266615268313107e-02
8.745157379463266989e-02
8.692371537315855823e-02
8.639907591472388571e-02
8.587763061006170595e-02
8.535936461760430805e-02
8.484425349812543815e-02
8.433228256856428739e-02
8.382342774353811199e-02
8.331767442658544187e-02
8.281499889732556186e-02
8.231538671438910770e-02
8.181881451400331573e-02
8.132526797234275462e-02
8.083472404448160953e-02
8.034716853612842991e-02
7.986257878885906492e-02
7.938094072554421898e-02
7.890223197801712884e-02
7.842643861558616647e-02
7.795353859831403998e-02
7.748351813184881087e-02
7.701635550424608401e-02
7.655203702409839328e-02
7.609054129550658907e-02
7.563185478747017076e-02
7.517595640660304501e-02
7.472283271177050656e-02
7.427246294126146897e-02
7.382483377927716306e-02
7.337992475087198874e-02
7.293772269091336469e-02
7.249820740581221223e-02
7.206136584055372607e-02
7.162717811474149376e-02
7.119563131396761113e-02
7.076670581927395343e-02
7.034038880831490481e-02
6.991666097563184468e-02
6.949550963822320737e-02
6.907691575666025097e-02
6.866086676041528725e-02
6.824734389249551003e-02
6.783633470262770415e-02
6.742782068571286092e-02
6.702178951532662687e-02
6.661822298436288758e-02
6.621710886255351147e-02
6.581842918822336519e-02
6.542217185766471821e-02
6.502831919361116986e-02
6.463685920577323663e-02
6.424777443488824402e-02
6.386105300797483009e-02
6.347667772473125636e-02
6.309463685713259662e-02
6.271491343920305994e-02
6.233749584666142124e-02
6.196236734650328176e-02
6.158951642691476436e-02
6.121892661762539517e-02
6.085058650636370609e-02
6.048447985635268392e-02
6.012059537076631932e-02
5.975891703838184799e-02
5.939943368135829765e-02
5.904212951105165114e-02
5.868699344910325438e-02
5.833400995232558561e-02
5.798316805374625904e-02
5.763445240169802475e-02
5.728785215201959852e-02
5.694335218539740145e-02
5.660094175878842976e-02
5.626060595633840256e-02
5.592233414152210369e-02
5.558611161025076713e-02
5.525192785378601340e-02
5.491976836265251294e-02
5.458962271876225542e-02
5.426147663598887561e-02
5.393531979823615319e-02
5.361113809220302562e-02
5.328892133966362660e-02
5.296865564198248444e-02
5.265033089014912321e-02
5.233393335878194774e-02
5.201945307634751881e-02
5.170687650791365442e-02
5.139619379555713380e-02
5.108739159294539700e-02
5.078046010051315284e-02
5.047538617322457760e-02
5.017216013924030715e-02
4.987076903564383046e-02
4.957120325973025238e-02
4.927345003338823998e-02
4.897749987848135089e-02
4.868334019290373321e-02
4.839096157364870809e-02
4.810035158924695631e-02
4.781150095423547519e-02
4.752439741225259612e-02
4.723903177729309871e-02
4.695539194745725065e-02
4.667346881980317247e-02
4.639325048829730236e-02
4.611472793087677269e-02
4.583788938331705837e-02
4.556272596779138012e-02
4.528922607250921578e-02
4.501738086571517583e-02
4.474717892051666146e-02
4.447861152916591371e-02
4.421166740611601198e-02
4.394633790074504998e-02
4.368261190052716986e-02
4.342048087675397933e-02
4.315993384529428351e-02
4.290096235363778654e-02
4.264355557704475191e-02
4.238770516156568913e-02
4.213340043593676726e-02
4.188063312820223399e-02
4.162939271047926687e-02
4.137967100054778385e-02
4.113145759545728392e-02
4.088474441868559378e-02
4.063952122121217841e-02
4.039577998539341241e-02
4.015351062223562056e-02
3.991270520346244799e-02
3.967335374821646249e-02
3.943544842922309251e-02
3.919897940741734477e-02
3.896393894340968722e-02
3.873031732849877007e-02
3.849810688801662273e-02
3.826729804775373667e-02
3.803788324537536736e-02
3.780985302467945730e-02
3.758319988839331494e-02
3.735791449570909778e-02
3.713398945416543362e-02
3.691141557544362628e-02
3.669018550813434032e-02
3.647029018456388050e-02
3.625172234835406793e-02
3.603447305481694007e-02
3.581853513047918852e-02
3.560389973389305879e-02
3.539055978283302956e-02
3.517850654880270989e-02
3.496773302104952408e-02
3.475823060261767905e-02
3.454999235329699742e-02
3.434300979378963198e-02
3.413727606519325469e-02
3.393278278274929755e-02
3.372952315470701540e-02
3.352748893632061244e-02
3.332667341628236385e-02
3.312706843420804709e-02
3.292866735570822850e-02
3.273146213974571783e-02
3.253544623025502597e-02
3.234061169434968019e-02
3.214695201630622667e-02
3.195445937354564336e-02
3.176312735086838507e-02
3.157294823903285946e-02
3.138391567917096781e-02
3.119602203453426814e-02
3.100926100776248140e-02
3.082362511882531450e-02
3.063910815746047345e-02
3.045570268554448345e-02
3.027340254892426502e-02
3.009220043490879945e-02
2.991209028003370685e-02
2.973306484883524170e-02
2.955511811514791379e-02
2.937824299333225905e-02
2.920243353173536394e-02
2.665751502113337598e-02
5.416598759532396945e-02
1.550089097889585654e-01
