1.651448913137742281e+08
1.651457939730797112e+08
1.448711587903216183e+08
1.291978137331010103e+08
1.164433802365593016e+08
1.064145871636228114e+08
9.865791186363245547e+07
9.273445958587998152e+07
8.824690221345888078e+07
8.481746733009558916e+07
8.226201422973063588e+07
8.058758578041081131e+07
8.024028386530286074e+07
8.003113704940421879e+07
7.863105183848585188e+07
7.747093992724916339e+07
7.672462107036167383e+07
7.637274541709896922e+07
7.620615194669768214e+07
7.589576206156991422e+07
7.567959255710557103e+07
7.552819781523881853e+07
7.541174014805208147e+07
7.531338927554596961e+07
7.521945917762392759e+07
7.512103832342758775e+07
7.501818629284146428e+07
7.492118993233005702e+07
7.483238921862460673e+07
7.474990034597153962e+07
7.467476850315037370e+07
7.461015863428574800e+07
7.455360765004691482e+07
7.450165493635445833e+07
7.445424730036112666e+07
7.441373734062443674e+07
7.438100289272388816e+07
7.435441874861070514e+07
7.433412297499859333e+07
7.431795349695022404e+07
7.430513576698513329e+07
7.429512294549004734e+07
7.429106623965921998e+07
7.428798515705123544e+07
7.428459858440373838e+07
7.425259718021786213e+07
7.420948098455727100e+07
7.419351580920061469e+07
7.418444509560252726e+07
7.417813642197862267e+07
7.417326808999831975e+07
7.416930649021726847e+07
7.416597755801954865e+07
7.416311331210322678e+07
7.416060529869437218e+07
7.415838357271696627e+07
7.415639921098802984e+07
7.415460848382247984e+07
7.415298262159816921e+07
7.415149739203931391e+07
7.415013407502150536e+07
7.414887683592426777e+07
7.414771401894831657e+07
7.414663435393233597e+07
7.414563019473710656e+07
7.414469304471045732e+07
7.414381697360587120e+07
7.414299584021933377e+07
7.414222538726714253e+07
7.414150072555196285e+07
7.414081865264016390e+07
7.414017546460379660e+07
7.413956884480121732e+07
7.413899569116519392e+07
7.413845406171047688e+07
7.413794123350383341e+07
7.413745575455701351e+07
7.413699537396070361e+07
7.413655881861370802e+07
7.413614413293212652e+07
7.413575046653527021e+07
7.413537623268260062e+07
7.413502076176935434e+07
7.413468269109286368e+07
7.413436147438141704e+07
7.413405589469444752e+07
7.413376550489574671e+07
7.413348917754586041e+07
7.413322641449475288e+07
7.413297613666617870e+07
7.413273789467759430e+07
7.413251069841873646e+07
7.413229413662278652e+07
7.413208736866272986e+07
7.413189008933101594e+07
7.413170158050818741e+07
7.413152161649172008e+07
7.413134962336194515e+07
7.413118544915124774e+07
7.413102859674914181e+07
7.413087894146451354e+07
7.413073604647524655e+07
7.413059979161907732e+07
7.413046976090668142e+07
7.413034580244612694e+07
7.413022749857321382e+07
7.413011467804244161e+07
7.413000695070074499e+07
7.412990413748817146e+07
7.412980586680023372e+07
7.412971196455322206e+07
7.412962209994868934e+07
7.412953611013989151e+07
7.412945369235561788e+07
7.412937469632023573e+07
7.412929885953550041e+07
7.412922605555595458e+07
7.412915605941821635e+07
7.412908876503637433e+07
7.412902398218166828e+07
7.412896162408755720e+07
7.412890152778251469e+07
7.412884361832709610e+07
7.412878775331753492e+07
7.412873386718437076e+07
7.412868183534651995e+07
7.412863160013599694e+07
7.412858305240592360e+07
7.412853614143946767e+07
7.412849077147342265e+07
7.412844689721113443e+07
7.412840443333430588e+07
7.412836333779796958e+07
7.412832353316928446e+07
7.412828497960270941e+07
7.412824760685344040e+07
7.412821137817004323e+07
7.412817623118491471e+07
7.412814213341000676e+07
7.412810903050377965e+07
7.412807689445388317e+07
7.412804567812244594e+07
7.412801535716630518e+07
7.412798589013595879e+07
7.412795725526963174e+07
7.412792941555878520e+07
7.412790235119184852e+07
7.412787602883507311e+07
7.412785043028230965e+07
7.412782552529260516e+07
7.412780129701632261e+07
7.412777771786281466e+07
7.412775477216792107e+07
7.412773243462513387e+07
7.412771069063772261e+07
7.412768951689936221e+07
7.412766889978930354e+07
7.412764881774953008e+07
7.412762925805173814e+07
7.412761020067287982e+07
7.412759163370195031e+07
7.412757353846164048e+07
7.412755590380401909e+07
7.412753871225072443e+07
7.412752195339296758e+07
7.412750561087006330e+07
7.412748967501884699e+07
7.412747413051910698e+07
7.412745896847747266e+07
7.412744417456404865e+07
7.412742974063520133e+07
7.412741565328958631e+07
7.412740190510074794e+07
7.412738848351235688e+07
7.412737538177825511e+07
7.412736258810105920e+07
7.412735009636273980e+07
7.412733789545743167e+07
7.412732597984841466e+07
7.412731433904722333e+07
7.412730296805676818e+07
7.412729185694979131e+07
7.412728100122545660e+07
7.412727039146226645e+07
7.412726002361337841e+07
7.412724988872720301e+07
7.412723998316404223e+07
7.412723029840277135e+07
7.412722083117645979e+07
7.412721157335914671e+07
7.412720252201884985e+07
7.412719366938748956e+07
7.412718501284937561e+07
7.412717654495471716e+07
7.412716826337820292e+07
7.412716016098184884e+07
7.412715223568642139e+07
7.412714448063963652e+07
7.412713689400574565e+07
7.412712946920737624e+07
7.412712220461536944e+07
7.412711509391660988e+07
7.412710813568288088e+07
7.412710132384715974e+07
7.412709465716479719e+07
7.412708812980635464e+07
7.412708174069686234e+07
7.412707548423041403e+07
7.412706935948160291e+07
7.412706336106935143e+07
7.412705748820151389e+07
7.412705173569865525e+07
7.412704610289737582e+07
7.412704058481958508e+07
7.412703518090827763e+07
7.412702988637073338e+07
7.412702470075207949e+07
7.412701961944355071e+07
7.412701464207690954e+07
7.412700976421698928e+07
7.412700498558004200e+07
7.412700030189424753e+07
7.412699571294550598e+07
7.412699121462458372e+07
7.412698680678850412e+07
7.412698248547291756e+07
7.412697825059941411e+07
7.412697409835527837e+07
7.412697002870287001e+07
7.412696603798525035e+07
7.412696212621027231e+07
7.412695828985074162e+07
7.412695452895928919e+07
7.412695084015169740e+07
7.412694722350920737e+07
7.412694367577406764e+07
7.412694019706648588e+07
7.412693678425046802e+07
7.412693343747659028e+07
7.412693015372696519e+07
7.412692693317529559e+07
7.412692377292418480e+07
7.412692067317162454e+07
7.412691763112463057e+07
7.412691464699950814e+07
7.412691171811805665e+07
7.412690884470857680e+07
7.412690602419213951e+07
7.412690325681875646e+07
7.412690054010918736e+07
7.412689787431940436e+07
7.412689525706650317e+07
7.412689268862038851e+07
7.412689016668605804e+07
7.412688769153895974e+07
7.412688526098039746e+07
7.412688287528567016e+07
7.412688053233964741e+07
7.412687823243029416e+07
7.412687597351746261e+07
7.412687375588738918e+07
7.412687157759059966e+07
7.412686943890930712e+07
7.412686733796757460e+07
7.412686527505016327e+07
7.412686324835225940e+07
7.412686125815497339e+07
7.412685930273313820e+07
7.412685738236208260e+07
7.412685549538229406e+07
7.412685364206634462e+07
7.412685182082056999e+07
7.412685003191488981e+07
7.412684827381199598e+07
7.412684654678855836e+07
7.412684484936513007e+07
7.412684318180912733e+07
7.412684154270301759e+07
7.412683993230676651e+07
7.412683834925819933e+07
7.412683679381416738e+07
7.412683526466768980e+07
7.412683376206837595e+07
7.412683228476123512e+07
7.412683083298660815e+07
7.412682940554141998e+07
7.412682800266605616e+07
7.412682662319649756e+07
7.412682526737019420e+07
7.412682393407024443e+07
7.412682262352563441e+07
7.412682133466680348e+07
7.412682006771755219e+07
7.412681882164272666e+07
7.412681759666153789e+07
7.412681639178952575e+07
7.412681520723220706e+07
7.412681404204156995e+07
7.412681289641933143e+07
7.412681176945585012e+07
7.412681066134841740e+07
7.412680957121729851e+07
7.412680849925798178e+07
7.412680744462610781e+07
7.412680640750800073e+07
7.412680538709792495e+07
7.412680438356503844e+07
7.412680339614516497e+07
7.412680242500151694e+07
7.412680146939001977e+07
7.412680052947802842e+07
7.412679960454885662e+07
7.412679869475898147e+07
7.412679779942655563e+07
7.412679691870096326e+07
7.412679605192318559e+07
7.412679519923862815e+07
7.412679436001800001e+07
7.412679353439338505e+07
7.412679272176381946e+07
7.412679192226547003e+07
7.412679113530792296e+07
7.412679036102207005e+07
7.412678959884601831e+07
7.412678884890830517e+07
7.412678811066403985e+07
7.412678738423795998e+07
7.412678666910430789e+07
7.412678596538539231e+07
7.412678527257734537e+07
7.412678459079319239e+07
7.412678391954664886e+07
7.412678325895118713e+07
7.412678260854193568e+07
7.412678196842005849e+07
7.412678133814537525e+07
7.412678071780917048e+07
7.412678010699011385e+07
7.412677950577978790e+07
7.412677891376633942e+07
7.412677833103837073e+07
7.412677775720366836e+07
7.412677719234621525e+07
7.412677663608866930e+07
7.412677608850760758e+07
7.412677554924064875e+07
7.412677501836884022e+07
7.412677449553720653e+07
7.412677398082365096e+07
7.412677347388608754e+07
7.412677297479884326e+07
7.412677248323343694e+07
7.412677199926017225e+07
7.412677152256825566e+07
7.412677105321888626e+07
7.412677059091582894e+07
7.412677013571572304e+07
7.412676968733289838e+07
7.412676924582350254e+07
7.412676881090979278e+07
7.412676838265031576e+07
7.412676796077875793e+07
7.412676754534077644e+07
7.412676713608185947e+07
7.412676673305734992e+07
7.412676633601544797e+07
7.412676594500337541e+07
7.412676555978433788e+07
7.412676518040467799e+07
7.412676480663834512e+07
7.412676443851818144e+07
7.412676407583126426e+07
7.412676371861620247e+07
7.412676336666513979e+07
7.412676302000877261e+07
7.412676267844957113e+07
7.412676234202046692e+07
7.412676201053072512e+07
7.412676168400658667e+07
7.412676136226749420e+07
7.412676104533745348e+07
7.412676073304368556e+07
7.412676042540827394e+07
7.412676012226025760e+07
7.412675982363294065e+07
7.412675952935115993e+07
7.412675923944845796e+07
7.412675895375797153e+07
7.412675867230474949e+07
7.412675839493972063e+07
7.412675812167935073e+07
7.412675785237613320e+07
7.412675758705289662e+07
7.412675732556922734e+07
7.412675706794120371e+07
7.412675681403510273e+07
7.412675656386460364e+07
7.412675631730107963e+07
7.412675607436211407e+07
7.412675583491665125e+07
7.412675559898366034e+07
7.412675536644104123e+07
7.412675513730132580e+07
7.412675491144834459e+07
7.412675468889567256e+07
7.412675446952956915e+07
7.412675425336796045e+07
7.412675404029002786e+07
7.412675383031862974e+07
7.412675362334559858e+07
7.412675341937574744e+07
7.412675321831698716e+07
7.412675302017500997e+07
7.412675282485479116e+07
7.412675263236041367e+07
7.412675244260312617e+07
7.412675225558948517e+07
7.412675207123026252e+07
7.412675188953232765e+07
7.412675171040830016e+07
7.412675153386399150e+07
7.412675135981999338e+07
7.412675118827830255e+07
7.412675101915913820e+07
7.412675085247096419e+07
7.412675068813297153e+07
7.412675052615337074e+07
7.412675036645479500e+07
7.412675020904210210e+07
7.412675005384524167e+07
7.412674990086720884e+07
7.412674975003764033e+07
7.412674960135968029e+07
7.412674945476804674e+07
7.412674931026525795e+07
7.412674916779120266e+07
7.412674902733571827e+07
7.412674888885000348e+07
7.412674875233462453e+07
7.412674861772383749e+07
7.412674848502288759e+07
7.412674835417443514e+07
7.412674822517979145e+07
7.412674809798294306e+07
7.412674797258223593e+07
7.412674784893023968e+07
7.412674772702193260e+07
7.412674760680906475e+07
7.412674748829281330e+07
7.412674737142242491e+07
7.412674725619502366e+07
7.412674714257028699e+07
7.412674703053845465e+07
7.412674692006297410e+07
7.412674681113570929e+07
7.412674670371441543e+07
7.412674659780205786e+07
7.412674649335013330e+07
7.412674639036415517e+07
7.412674628879983723e+07
7.412674618865333498e+07
7.412674608988621831e+07
7.412674599250096083e+07
7.412674589645795524e+07
7.412674580175136030e+07
7.412674570834931731e+07
7.412674561624503136e+07
7.412674552540966868e+07
7.412674543583761156e+07
7.412674534749107063e+07
7.412674526037555933e+07
7.412674517445251346e+07
7.412674508972075582e+07
7.412674500615124404e+07
7.412674492373824120e+07
7.412674484245261550e+07
7.412674476229235530e+07
7.412674468322497606e+07
7.412674460525266826e+07
7.412674452834409475e+07
7.412674445249699056e+07
7.412674437768596411e+07
7.412674430390378833e+07
7.412674423112520576e+07
7.412674415935119987e+07
7.412674408855174482e+07
7.412674401872593164e+07
7.412674394985206425e+07
7.412674388192276657e+07
7.412674381491637230e+07
7.412674374882835150e+07
7.412674368363609910e+07
7.412674361933916807e+07
7.412674355591391027e+07
7.412674349335260689e+07
7.412674343164132535e+07
7.412674337077344954e+07
7.412674331072804332e+07
7.412674325150410831e+07
7.412674319307741523e+07
7.412674313545313478e+07
7.412674307860007882e+07
7.412674302252389491e+07
7.412674296720764041e+07
7.412674291263830662e+07
7.412674285880932212e+07
7.412674280571334064e+07
7.412674275332409143e+07
7.412674270165280998e+07
7.412674265067298710e+07
7.412674260038705170e+07
7.412674255077572167e+07
7.412674250183570385e+07
7.412674245355425775e+07
7.412674240592712164e+07
7.412674235893690586e+07
7.412674231258147955e+07
7.412674226685126126e+07
7.412674222173401713e+07
7.412674217722162604e+07
7.412674213331177831e+07
7.412674208998577297e+07
7.412674204724654555e+07
7.412674200507952273e+07
7.412674196347609162e+07
7.412674192243379354e+07
7.412674188193939626e+07
7.412674184198859334e+07
7.412674180257135630e+07
7.412674176367972791e+07
7.412674172531314194e+07
7.412674168745437264e+07
7.412674165010607243e+07
7.412674161325152218e+07
7.412674157689401507e+07
7.412674154102043808e+07
7.412674150562565029e+07
7.412674147069936991e+07
7.412674143624225259e+07
7.412674140224131942e+07
7.412674136869634688e+07
7.412674133559454978e+07
7.412674130293494463e+07
7.412674127070833743e+07
7.412674123891139030e+07
7.412674120753736794e+07
7.412674117658104002e+07
7.412674114603205025e+07
7.412674111589263380e+07
7.412674108614768088e+07
7.412674105680447817e+07
7.412674102784420550e+07
7.412674099926909804e+07
7.412674097107526660e+07
7.412674094325110316e+07
7.412674091579502821e+07
7.412674088870260119e+07
7.412674086196902394e+07
7.412674083559082448e+07
7.412674080955633521e+07
7.412674078387069702e+07
7.412674075851874053e+07
7.412674073350478709e+07
7.412674070881807804e+07
7.412674068446141481e+07
7.412674066042259336e+07
7.412674063670185208e+07
7.412674061328989267e+07
7.412674059019160271e+07
7.412674056739556789e+07
7.412674054489673674e+07
7.412674052269455791e+07
7.412674050078667700e+07
7.412674047916403413e+07
7.412674045782655478e+07
7.412674043677003682e+07
7.412674041598901153e+07
7.412674039547906816e+07
7.412674037524054945e+07
7.412674035526698828e+07
7.412674033555445075e+07
7.412674031609842181e+07
7.412674029690009356e+07
7.412674027795204520e+07
7.412674025925514102e+07
7.412674024079604447e+07
7.412674022258266807e+07
7.412674020460668206e+07
7.412674018686635792e+07
7.412674016935698688e+07
7.412674015207520127e+07
7.412674013501970470e+07
7.412674011818766594e+07
7.412674010157591105e+07
7.412674008518002927e+07
7.412674006899482012e+07
7.412674005302362144e+07
7.412674003725977242e+07
7.412674002170142531e+07
7.412674000634500384e+07
7.412673999119044840e+07
7.412673997623004019e+07
7.412673996146699786e+07
7.412673994689485431e+07
7.412673993251281977e+07
7.412673991831460595e+07
7.412673990430323780e+07
7.412673989047417045e+07
7.412673987682116032e+07
7.412673986335030198e+07
7.412673985005286336e+07
7.412673983692573011e+07
7.412673982397183776e+07
7.412673981118293107e+07
7.412673979855783284e+07
7.412673978610055149e+07
7.412673977380412817e+07
7.412673976166416705e+07
7.412673974968336523e+07
7.412673973785814643e+07
7.412673972618205845e+07
7.412673971465924382e+07
7.412673970328831673e+07
7.412673969206009805e+07
7.412673968097886443e+07
7.412673967004027963e+07
7.412673965924334526e+07
7.412673964858466387e+07
7.412673963806182146e+07
7.412673962767998874e+07
7.412673961742673814e+07
7.412673960730755329e+07
7.412673959732145071e+07
7.412673958745928109e+07
7.412673957772845030e+07
7.412673956811980903e+07
7.412673955863548815e+07
7.412673954927322268e+07
7.412673954003214836e+07
7.412673953091032803e+07
7.412673952190509439e+07
7.412673951301148534e+07
7.412673950423885882e+07
7.412673949557487667e+07
7.412673948702520132e+07
7.412673947858218849e+07
7.412673947024723887e+07
7.412673946202282608e+07
7.412673945390130579e+07
7.412673944588564336e+07
7.412673943796972930e+07
7.412673943015561998e+07
7.412673942244721949e+07
7.412673941483156383e+07
7.412673940731425583e+07
7.412673939989425242e+07
7.412673939257059991e+07
7.412673938533851504e+07
7.412673937819971144e+07
7.412673937115237117e+07
7.412673936419400573e+07
7.412673935732354224e+07
7.412673935054431856e+07
7.412673934385086596e+07
7.412673933724398911e+07
7.412673933071866632e+07
7.412673932427462935e+07
7.412673931792010367e+07
7.412673931164197624e+07
7.412673930544410646e+07
7.412673929932440817e+07
7.412673929328314960e+07
7.412673928732079268e+07
7.412673928143449128e+07
7.412673927562148869e+07
7.412673926988270879e+07
7.412673926421506703e+07
7.412673925862453878e+07
7.412673925310178101e+07
7.412673924764892459e+07
7.412673924226616323e+07
7.412673923695379496e+07
7.412673923170563579e+07
7.412673922652612627e+07
7.412673922141204774e+07
7.412673921636347473e+07
7.412673921137925982e+07
7.412673920645613968e+07
7.412673920160017908e+07
7.412673919680081308e+07
7.412673919206382334e+07
7.412673918738803267e+07
7.412673918277078867e+07
7.412673917821216583e+07
7.412673917371144891e+07
7.412673916926775873e+07
7.412673916488239169e+07
7.412673916054952145e+07
7.412673915627397597e+07
7.412673915205067396e+07
7.412673914787855744e+07
7.412673914376763999e+07
7.412673913970036805e+07
7.412673913568711281e+07
7.412673913172453642e+07
7.412673912781269848e+07
7.412673912394982576e+07
7.412673912013775110e+07
7.412673911637267470e+07
7.412673911265410483e+07
7.412673910898309946e+07
7.412673910535816848e+07
7.412673910177803040e+07
7.412673909824547172e+07
7.412673909475436807e+07
7.412673909131017327e+07
7.412673908791115880e+07
7.412673908455248177e+07
7.412673908123593032e+07
7.412673907796244323e+07
7.412673907472638786e+07
7.412673907153615355e+07
7.412673906838269532e+07
7.412673906527128816e+07
7.412673906219717860e+07
7.412673905916392803e+07
7.412673905616745353e+07
7.412673905320808291e+07
7.412673905028896034e+07
7.412673904740510881e+07
7.412673904455497861e+07
7.412673904174226522e+07
7.412673903896455467e+07
7.412673903622484207e+07
7.412673903351901472e+07
7.412673903084136546e+07
7.412673902820214629e+07
7.412673902559779584e+07
7.412673902302314341e+07
7.412673902048027515e+07
7.412673901796968281e+07
7.412673901549373567e+07
7.412673901304468513e+07
7.412673901062795520e+07
7.412673900824207067e+07
7.412673900588603318e+07
7.412673900356039405e+07
7.412673900126138330e+07
7.412673899899461865e+07
7.412673899675671756e+07
7.412673899454414845e+07
7.412673899235576391e+07
7.412673899020139873e+07
7.412673898807291687e+07
7.412673898596855998e+07
7.412673898389023542e+07
7.412673898184116185e+07
7.412673897981448472e+07
7.412673897781383991e+07
7.412673897584062815e+07
7.412673897388973832e+07
7.412673897196540236e+07
7.412673897006274760e+07
7.412673896818532050e+07
7.412673896633034945e+07
7.412673896449947357e+07
7.412673896269273758e+07
7.412673896090584993e+07
7.412673895914249122e+07
7.412673895740033686e+07
7.412673895568083227e+07
7.412673895398278534e+07
7.412673895230361819e+07
7.412673895065021515e+07
7.412673894901438057e+07
7.412673894740006328e+07
7.412673894580543041e+07
7.412673894423121214e+07
7.412673894267524779e+07
7.412673894113999605e+07
7.412673893962365389e+07
7.412673893812444806e+07
7.412673893664453924e+07
7.412673893518309295e+07
7.412673893374240398e+07
7.412673893231785297e+07
7.412673893091088533e+07
7.412673892952267826e+07
7.412673892814901471e+07
7.412673892679782212e+07
7.412673892545866966e+07
7.412673892413578928e+07
7.412673892283147573e+07
7.412673892154105008e+07
7.412673892026899755e+07
7.412673891901484132e+07
7.412673891777223349e+07
7.412673891654767096e+07
7.412673891533628106e+07
7.412673891414020956e+07
7.412673891295889020e+07
7.412673891179259121e+07
7.412673891064116359e+07
7.412673890950635076e+07
7.412673890838377178e+07
7.412673890727427602e+07
7.412673890617966652e+07
7.412673890509666502e+07
7.412673890402753651e+07
7.412673890297575295e+07
7.412673890193389356e+07
7.412673890090158582e+07
7.412673889988781512e+07
7.412673889888656139e+07
7.412673889789474010e+07
7.412673889691272378e+07
7.412673889594799280e+07
7.412673889499144256e+07
7.412673889404945076e+07
7.412673889311926067e+07
7.412673889219817519e+07
7.412673889129145443e+07
7.412673889039391279e+07
7.412673888950873911e+07
7.412673888863220811e+07
7.412673888776864111e+07
7.412673888691498339e+07
7.412673888607226312e+07
7.412673888523977995e+07
7.412673888441738486e+07
7.412673888360477984e+07
7.412673888280449808e+07
7.412673888201430440e+07
7.412673888122998178e+07
7.412673888045924902e+07
7.412673887969478965e+07
7.412673887894201279e+07
7.412673887820002437e+07
7.412673887746287882e+07
7.412673887673741579e+07
7.412673887601956725e+07
7.412673887531226873e+07
7.412673887461324036e+07
7.412673887391999364e+07
7.412673887323890626e+07
7.412673887256744504e+07
7.412673887190060318e+07
7.412673887124165893e+07
7.412673887059423327e+07
7.412673886995472014e+07
7.412673886932213604e+07
7.412673886869511008e+07
7.412673886807799339e+07
7.412673886746850610e+07
7.412673886686563492e+07
7.412673886627160013e+07
7.412673886568315327e+07
7.412673886510141194e+07
7.412673886452932656e+07
7.412673886396254599e+07
7.412673886340478063e+07
7.412673886285346746e+07
7.412673886230663955e+07
7.412673886176702380e+07
7.412673886123715341e+07
7.412673886071045697e+07
7.412673886019185185e+07
7.412673885967558622e+07
7.412673885917267203e+07
7.412673885867118835e+07
7.412673885817669332e+07
7.412673885769097507e+07
7.412673885720881820e+07
7.412673885673215985e+07
7.412673885626073182e+07
7.412673885579624772e+07
7.412673885533951223e+07
7.412673885488545895e+07
7.412673885443779826e+07
7.412673885399553180e+07
7.412673885355862975e+07
7.412673885312731564e+07
7.412673885270217061e+07
7.412673885228386521e+07
7.412673885186967254e+07
7.412673885145653784e+07
7.412673885105034709e+07
7.412673885065378249e+07
7.412673885025654733e+07
7.412673884986606240e+07
7.412673884948058426e+07
7.412673884909726679e+07
7.412673884872320294e+07
7.412673884835015237e+07
7.412673884798531234e+07
7.412673884762096405e+07
7.412673884726399183e+07
7.412673884690888226e+07
7.412673884656089544e+07
7.412673884621618688e+07
7.412673884587438405e+07
7.412673884553781152e+07
7.412673884520441294e+07
7.412673884487441182e+07
7.412673884455093741e+07
7.412673884423086047e+07
7.412673884391820431e+07
7.412673884360186756e+07
7.412673884329104424e+07
7.412673884298732877e+07
7.412673884268565476e+07
7.412673884238868952e+07
7.412673884209568799e+07
7.412673884180580080e+07
7.412673884151984751e+07
7.412673884123376012e+07
7.412673884095339477e+07
7.412673884067784250e+07
7.412673884040716290e+07
7.412673884013564885e+07
7.412673883987054229e+07
7.412673883960634470e+07
7.412673883934564888e+07
7.412673883908893168e+07
7.412673883883573115e+07
7.412673883858568966e+07
7.412673883833938837e+07
7.412673883809211850e+07
7.412673883785207570e+07
7.412673883761079609e+07
7.412673883737879992e+07
7.412673883714666963e+07
7.412673883691406250e+07
7.412673883668990433e+07
7.412673883646361530e+07
7.412673883624333143e+07
7.412673883602440357e+07
7.412673883580957353e+07
7.412673883559538424e+07
7.412673883538386226e+07
7.412673883517611027e+07
7.412673883496999741e+07
7.412673883476740122e+07
7.412673883456566930e+07
7.412673883436791599e+07
7.412673883417314291e+07
7.412673883397944272e+07
7.412673883378337324e+07
7.412673883359630406e+07
7.412673883341175318e+07
7.412673883322776854e+07
7.412673883304660022e+07
7.412673883286663890e+07
7.412673883269004524e+07
7.412673883251340687e+07
7.412673883233886957e+07
7.412673883216786385e+07
7.412673883200055361e+07
7.412673883183373511e+07
7.412673883166725934e+07
7.412673883150421083e+07
7.412673883134552836e+07
7.412673883118543029e+07
7.412673883102683723e+07
7.412673883087417483e+07
7.412673883072116971e+07
7.412673883056749403e+07
7.412673883042000234e+07
7.412673883027021587e+07
7.412673883012530208e+07
7.412673882998439670e+07
7.412673882983985543e+07
7.412673882969918847e+07
7.412673882956029475e+07
7.412673882942408323e+07
7.412673882928538322e+07
7.412673882915383577e+07
7.412673882902091742e+07
7.412673882888913155e+07
7.412673882875837386e+07
7.412673882863371074e+07
7.412673882850790024e+07
7.412673882838070393e+07
7.412673882826185226e+07
7.412673882814103365e+07
7.412673882801859081e+07
7.412673882790188491e+07
7.412673882778257132e+07
7.412673882766643167e+07
7.412673882755333185e+07
7.412673882744075358e+07
7.412673882732971013e+07
7.412673882721967995e+07
7.412673882710976899e+07
7.412673882700183988e+07
7.412673882689593732e+07
7.412673882679086924e+07
7.412673882668803632e+07
7.412673882658591866e+07
7.412673882648681104e+07
7.412673882638464868e+07
7.412673882628607750e+07
7.412673882618927956e+07
7.412673882609343529e+07
7.412673882599696517e+07
7.412673882590256631e+07
7.412673882581058145e+07
7.412673882571947575e+07
7.412673882563005388e+07
7.412673882553930581e+07
7.412673882545088232e+07
7.412673882536475360e+07
7.412673882527844608e+07
7.412673882519380748e+07
7.412673882510995865e+07
7.412673882502564788e+07
7.412673882494534552e+07
7.412673882486240566e+07
7.412673882478317618e+07
7.412673882470288873e+07
7.412673882462643087e+07
7.412673882454833388e+07
7.412673882446968555e+07
7.412673882439623773e+07
7.412673882432228327e+07
7.412673882424810529e+07
7.412673882417558134e+07
7.412673882410395145e+07
7.412673882403394580e+07
7.412673882396255434e+07
7.412673882389272749e+07
7.412673882382430136e+07
7.412673882376100123e+07
7.412673882369098067e+07
7.412673882362325490e+07
7.412673882356058061e+07
7.412673882349695265e+07
7.412673882343184948e+07
7.412673882336817682e+07
7.412673882330743968e+07
7.412673882324615121e+07
7.412673882318666577e+07
7.412673882312628627e+07
7.412673882306720316e+07
7.412673882300966978e+07
7.412673882295072079e+07
7.412673882289323211e+07
7.412673882283848524e+07
7.412673882278367877e+07
7.412673882272812724e+07
7.412673882267110050e+07
7.412673882261930406e+07
7.412673882256643474e+07
7.412673882251341641e+07
7.412673882246120274e+07
7.412673882241211832e+07
7.412673882236273587e+07
7.412673882231150568e+07
7.412673882226337492e+07
7.412673882221440971e+07
7.412673882216739655e+07
7.412673882211862504e+07
7.412673882207450271e+07
7.412673882202544808e+07
7.412673882197871804e+07
7.412673882193462551e+07
7.412673882188764215e+07
7.412673882184562087e+07
7.412673882180276513e+07
7.412673882175797224e+07
7.412673882171735168e+07
7.412673882167591155e+07
7.412673882163219154e+07
7.412673882159020007e+07
7.412673882155318558e+07
7.412673882151155174e+07
7.412673882147213817e+07
7.412673882143171132e+07
7.412673882139268517e+07
7.412673882135587931e+07
7.412673882131780684e+07
7.412673882128266990e+07
7.412673882124589384e+07
7.412673882120968401e+07
7.412673882117228210e+07
7.412673882113544643e+07
7.412673882109993696e+07
7.412673882106857002e+07
7.412673882103396952e+07
7.412673882099889219e+07
7.412673882096670568e+07
7.412673882093250751e+07
7.412673882090373337e+07
7.412673882086770236e+07
7.412673882083496451e+07
7.412673882080461085e+07
7.412673882077468932e+07
7.412673882074315846e+07
7.412673882071368396e+07
7.412673882068303227e+07
7.412673882065363228e+07
7.412673882062613964e+07
7.412673882059511542e+07
7.412673882056900859e+07
7.412673882053926587e+07
7.412673882050953805e+07
7.412673882048505545e+07
7.412673882045695186e+07
7.412673882042917609e+07
7.412673882040317357e+07
7.412673882037767768e+07
7.412673882035171986e+07
7.412673882032699883e+07
7.412673882029925287e+07
7.412673882027536631e+07
7.412673882024970651e+07
7.412673882022838295e+07
7.412673882020376623e+07
7.412673882018060982e+07
7.412673882015758753e+07
7.412673882013079524e+07
7.412673882011114061e+07
7.412673882008829713e+07
7.412673882006525993e+07
7.412673882004404068e+07
7.412673882002131641e+07
7.412673882000119984e+07
7.412673881997741759e+07
7.412673881995862722e+07
7.412673881993864477e+07
7.412673881991635263e+07
7.412673881989708543e+07
7.412673881987628341e+07
7.412673881985712051e+07
7.412673881983551383e+07
7.412673881981952488e+07
7.412673881980016828e+07
7.412673881977953017e+07
7.412673881976132095e+07
7.412673881974211335e+07
7.412673881972469389e+07
7.412673881970587373e+07
7.412673881968830526e+07
7.412673881967094541e+07
7.412673881965322793e+07
7.412673881963655353e+07
7.412673881961992383e+07
7.412673881960220635e+07
7.412673881958626211e+07
7.412673881956903636e+07
7.412673881955473125e+07
7.412673881953653693e+07
7.412673881952358782e+07
7.412673881950682402e+07
7.412673881949180365e+07
7.412673881947836280e+07
7.412673881946155429e+07
7.412673881944625080e+07
7.412673881943152845e+07
7.412673881941610575e+07
7.412673881940522790e+07
7.412673881939145923e+07
7.412673881937505305e+07
7.412673881936144829e+07
7.412673881934848428e+07
7.412673881933429837e+07
7.412673881932014227e+07
7.412673881930972636e+07
7.412673881929586828e+07
7.412673881927981973e+07
7.412673881926707923e+07
7.412673881925693154e+07
7.412673881924657524e+07
7.412673881923395395e+07
7.412673881922043860e+07
7.412673881920880079e+07
7.412673881919655204e+07
7.412673881918367743e+07
7.412673881917336583e+07
7.412673881916169822e+07
7.412673881915099919e+07
7.412673881914168596e+07
7.412673881913080812e+07
7.412673881911781430e+07
7.412673881910663843e+07
7.412673881909836829e+07
7.412673881908741593e+07
7.412673881907641888e+07
7.412673881906588376e+07
7.412673881905540824e+07
7.412673881904427707e+07
7.412673881903624535e+07
7.412673881902658939e+07
7.412673881901751459e+07
7.412673881900835037e+07
7.412673881899748743e+07
7.412673881899121404e+07
7.412673881898199022e+07
7.412673881897123158e+07
7.412673881896276772e+07
7.412673881895367801e+07
7.412673881894509494e+07
7.412673881893374026e+07
7.412673881892585754e+07
7.412673881891970336e+07
7.412673881891249120e+07
7.412673881890313327e+07
7.412673881889329851e+07
7.412673881888529658e+07
7.412673881887654960e+07
7.412673881887134910e+07
7.412673881886236370e+07
7.412673881885313988e+07
7.412673881884595752e+07
7.412673881883938611e+07
7.412673881883296371e+07
7.412673881882545352e+07
7.412673881881923974e+07
7.412673881881092489e+07
7.412673881880493462e+07
7.412673881879821420e+07
7.412673881879059970e+07
7.412673881878405809e+07
7.412673881877809763e+07
7.412673881877017021e+07
7.412673881876730919e+07
7.412673881875704229e+07
7.412673881875006855e+07
7.412673881874491274e+07
7.412673881873880327e+07
7.412673881873236597e+07
7.412673881872598827e+07
7.412673881872171164e+07
7.412673881871388853e+07
7.412673881870797276e+07
7.412673881870178878e+07
7.412673881869794428e+07
7.412673881869333982e+07
7.412673881868690252e+07
7.412673881868046522e+07
7.412673881867484748e+07
7.412673881867076457e+07
7.412673881866578758e+07
7.412673881865955889e+07
7.412673881865279377e+07
7.412673881865063310e+07
7.412673881864497066e+07
7.412673881863836944e+07
7.412673881863492727e+07
7.412673881862777472e+07
7.412673881862477958e+07
7.412673881861953437e+07
7.412673881861490011e+07
7.412673881861196458e+07
7.412673881860598922e+07
7.412673881860116124e+07
7.412673881859622896e+07
7.412673881859119236e+07
7.412673881858858466e+07
7.412673881858393550e+07
7.412673881857894361e+07
7.412673881857573986e+07
7.412673881857120991e+07
7.412673881856594980e+07
7.412673881856255233e+07
7.412673881855861843e+07
7.412673881855374575e+07
7.412673881855037808e+07
7.412673881854571402e+07
7.412673881854264438e+07
7.412673881853953004e+07
7.412673881853646040e+07
7.412673881853166223e+07
7.412673881852811575e+07
7.412673881852337718e+07
7.412673881852070987e+07
7.412673881851761043e+07
7.412673881851544976e+07
7.412673881851074100e+07
7.412673881850813329e+07
7.412673881850452721e+07
7.412673881850309670e+07
7.412673881849797070e+07
7.412673881849372387e+07
7.412673881849294901e+07
7.412673881848612428e+07
7.412673881848502159e+07
7.412673881848123670e+07
7.412673881847879291e+07
7.412673881847463548e+07
7.412673881847311556e+07
7.412673881846825778e+07
7.412673881846545637e+07
7.412673881846372783e+07
7.412673881845939159e+07
7.412673881845875084e+07
7.412673881845481694e+07
7.412673881845118105e+07
7.412673881845004857e+07
7.412673881844712794e+07
7.412673881844466925e+07
7.412673881844149530e+07
7.412673881843861938e+07
7.412673881843535602e+07
7.412673881843486428e+07
7.412673881843158603e+07
7.412673881842935085e+07
7.412673881842677295e+07
7.412673881842537224e+07
7.412673881842204928e+07
7.412673881841999292e+07
7.412673881841847301e+07
7.412673881841529906e+07
7.412673881841188669e+07
7.412673881841060519e+07
7.412673881840714812e+07
7.412673881840530038e+07
7.412673881840506196e+07
7.412673881839908659e+07
7.412673881839875877e+07
7.412673881839755177e+07
7.412673881839762628e+07
7.412673881837934256e+07
7.412673881837648153e+07
