0.0000e+00
0.0000e+00
0.0000e+00
0.0000e+00
0.0000e+00
0.0000e+00
0.0000e+00
0.0000e+00
0.0000e+00
0.0000e+00
0.0000e+00
0.0000e+00
0.0000e+00
0.0000e+00
0.0000e+00
0.0000e+00
0.0000e+00
0.0000e+00
0.0000e+00
0.0000e+00
0.0000e+00
0.0000e+00
0.0000e+00
0.0000e+00
0.0000e+00
0.0000e+00
0.0000e+00
0.0000e+00
0.0000e+00
0.0000e+00
0.0000e+00
0.0000e+00
0.0000e+00
0.0000e+00
0.0000e+00
0.0000e+00
0.0000e+00
0.0000e+00
0.0000e+00
-2.5000e-01
-4.9414e-01
-2.0312e-01
6.0938e-01
-3.5395e+01
-9.9318e+01
-4.7303e+01
0.0000e+00
0.0000e+00
0.0000e+00
0.0000e+00
0.0000e+00
0.0000e+00
0.0000e+00
0.0000e+00
0.0000e+00
0.0000e+00
0.0000e+00
0.0000e+00
0.0000e+00
-5.6641e-02
-1.9531e-02
0.0000e+00
-1.6602e-01
-3.9062e-01
-8.5938e-02
0.0000e+00
1.6797e-01
1.2656e+00
2.2988e+01
1.2738e+02
7.8623e+01
6.5627e+01
1.2261e+02
2.6936e+02
6.6871e+01
6.1582e+00
1.5234e+00
0.0000e+00
0.0000e+00
0.0000e+00
0.0000e+00
0.0000e+00
0.0000e+00
0.0000e+00
0.0000e+00
0.0000e+00
0.0000e+00
-1.6406e-01
-2.4219e-01
-7.5586e-01
-6.4648e-01
-6.6016e-01
1.8967e+01
1.7211e+01
-1.6660e+00
1.5639e+01
1.0515e+02
2.2659e+02
3.6588e+02
3.0813e+02
4.4956e+02
4.5139e+02
1.6799e+02
4.3460e+01
5.7978e+01
2.9203e+01
-1.5469e+00
-6.9141e-01
-4.9805e-01
-1.4258e-01
0.0000e+00
0.0000e+00
0.0000e+00
0.0000e+00
0.0000e+00
-3.1445e-01
-2.5781e-01
2.7715e+00
-1.0273e+00
-2.7246e+00
1.7918e+02
2.5829e+02
1.3211e+02
1.4646e+02
2.7457e+02
4.6233e+02
4.2579e+02
4.0655e+02
1.4154e+02
2.2474e+02
-2.2563e+02
1.1685e+02
2.4868e+02
2.4678e+02
1.3467e+02
5.1590e+01
2.9434e+00
-3.3789e-01
0.0000e+00
0.0000e+00
0.0000e+00
0.0000e+00
1.4844e-01
-2.5781e-01
1.1523e+00
1.9484e+01
2.0496e+01
2.7563e+01
3.0227e+02
4.4144e+02
2.5424e+02
1.7605e+02
3.3060e+02
5.9154e+02
2.1562e+02
-1.8920e+02
-2.9978e+02
-3.7463e+02
-5.7898e+02
-2.8100e+02
3.1797e+02
4.2860e+02
3.8051e+02
2.9289e+02
1.0658e+02
-1.6016e-01
1.0352e-01
0.0000e+00
0.0000e+00
0.0000e+00
3.7109e-02
6.0156e-01
1.2891e-01
8.3340e+00
9.9400e+01
1.7455e+02
2.3925e+02
2.2815e+02
6.4357e+00
-1.6064e+02
2.9128e+01
1.2811e+02
-9.8799e+01
-4.5320e+02
-7.4770e+02
-7.4173e+02
-4.6577e+02
-5.5138e+02
8.7571e+01
3.4073e+02
1.4180e+02
1.1930e+02
1.9441e+02
-7.4609e-01
-1.6016e-01
-1.4258e-01
0.0000e+00
0.0000e+00
1.4062e-01
6.4453e-02
1.1397e+02
1.4205e+02
2.0507e+02
2.9785e+02
1.4473e+02
-2.2399e+02
-5.1156e+02
-5.9275e+02
-2.6730e+02
-1.3663e+02
-2.7983e+02
-4.4808e+02
-7.2195e+02
-6.9126e+02
-4.7071e+02
-6.8589e+02
-2.9215e+02
-1.8529e+02
-2.1846e+02
-5.0823e+01
4.0869e+01
-1.8984e+00
4.2969e-02
-3.0078e-01
0.0000e+00
0.0000e+00
-7.0312e-02
1.5039e-01
1.0631e+02
1.4440e+02
1.4342e+02
2.5589e+02
1.6637e+02
-3.1196e+02
-4.9486e+02
-3.8786e+02
-8.3077e+01
-3.4987e+02
1.0545e+02
1.9673e+01
-4.8307e+02
-4.2485e+02
-5.0831e+02
-7.1201e+02
-8.1865e+02
-7.2716e+02
-4.6940e+02
-1.8153e+02
-3.6111e+01
-1.1895e+00
0.0000e+00
0.0000e+00
0.0000e+00
1.5820e-01
-5.2734e-02
7.2266e-02
1.2938e+02
1.1580e+02
-4.3703e+01
1.2740e+02
6.6216e+01
-1.2960e+02
-3.2104e+02
-2.8625e+02
-2.2411e+02
9.1006e+01
4.8709e+02
4.9523e+02
3.6257e+02
7.1900e+01
-2.6066e+02
-5.4634e+02
-1.1098e+03
-1.2905e+03
-8.2060e+02
-4.3636e+02
-1.1214e+02
-1.3965e+00
1.2305e-01
0.0000e+00
0.0000e+00
2.5977e-01
-2.7148e-01
-2.7734e-01
1.2587e+02
2.1149e+01
-1.1583e+02
-2.2719e+02
-2.8444e+02
-1.5557e+02
-3.1718e+02
-3.5110e+02
-3.2143e+02
9.8094e+01
7.9610e+02
1.2230e+03
7.4586e+02
1.9550e+02
-1.5166e+02
-6.2358e+02
-1.3355e+03
-1.4276e+03
-1.0458e+03
-5.5775e+02
-1.6595e+02
-2.6543e+00
3.3789e-01
7.4219e-02
0.0000e+00
1.2109e-01
7.4219e-02
-2.7148e-01
1.1880e+02
-4.3225e+01
-2.4498e+02
-4.5213e+02
-6.6003e+02
-5.7918e+02
-5.9116e+02
-6.8807e+02
-4.3413e+02
2.6444e+02
1.2562e+03
1.7417e+03
1.2004e+03
2.4292e+02
-3.3213e+02
-8.6209e+02
-1.0929e+03
-1.2812e+03
-1.0051e+03
-5.4026e+02
-2.2094e+02
-4.5234e+00
-1.2305e-01
1.7773e-01
0.0000e+00
-3.1250e-02
-9.3750e-02
-1.1719e-02
1.0003e+02
-1.7653e+02
-3.5596e+02
-6.2835e+02
-9.8390e+02
-1.0371e+03
-9.2499e+02
-7.4777e+02
-7.4268e+02
5.8931e+02
1.8979e+03
2.0818e+03
1.2208e+03
1.9132e+02
-5.0461e+02
-9.5607e+02
-1.0388e+03
-1.2811e+03
-1.0787e+03
-7.1990e+02
-2.7136e+02
-7.3203e+00
-3.0273e-01
2.1484e-01
6.2500e-02
-1.2305e-01
-3.2617e-01
-6.2891e-01
1.9396e+01
-2.8261e+02
-5.2224e+02
-9.8344e+02
-1.3835e+03
-1.4599e+03
-1.0777e+03
-1.0366e+03
-7.7609e+02
1.2088e+03
2.4817e+03
2.3287e+03
1.0219e+03
8.9722e+01
-9.7696e+02
-1.0051e+03
-1.0218e+03
-1.4906e+03
-1.3177e+03
-8.5247e+02
-2.9864e+02
-1.0084e+01
-1.1719e-02
0.0000e+00
0.0000e+00
0.0000e+00
2.1484e-02
-7.0312e-02
-2.8253e+01
-3.9571e+02
-9.0722e+02
-1.4228e+03
-1.5566e+03
-1.0695e+03
-1.1814e+03
-1.0587e+03
-2.3856e+02
1.6236e+03
2.8182e+03
2.3268e+03
6.9741e+02
-2.4999e+02
-1.2164e+03
-9.2664e+02
-1.1436e+03
-1.5020e+03
-1.2598e+03
-8.0721e+02
-2.9613e+02
-1.1916e+01
4.8828e-02
0.0000e+00
0.0000e+00
0.0000e+00
1.2500e-01
-3.7305e-01
-1.2873e+02
-6.3615e+02
-1.1661e+03
-1.5304e+03
-1.3457e+03
-1.0581e+03
-1.4242e+03
-7.9731e+02
4.3453e+02
1.9876e+03
3.0796e+03
1.8299e+03
2.2340e+02
-5.7984e+02
-9.0006e+02
-9.6171e+02
-1.1621e+03
-1.4324e+03
-1.1615e+03
-7.1025e+02
-2.5562e+02
-1.0471e+01
1.9531e-02
0.0000e+00
0.0000e+00
7.6172e-02
8.7891e-02
-1.3379e+00
-1.7842e+02
-7.5634e+02
-1.2951e+03
-1.5529e+03
-1.1887e+03
-1.3869e+03
-1.1651e+03
-2.6177e+02
7.3434e+02
2.1305e+03
2.4787e+03
1.2536e+03
-2.1507e+02
-7.5013e+02
-6.6885e+02
-9.5462e+02
-1.3256e+03
-1.3085e+03
-9.8471e+02
-4.8515e+02
1.8648e+01
6.0617e+01
2.8516e-01
-2.3438e-02
0.0000e+00
2.4805e-01
8.5938e-02
-2.1465e+00
-2.2678e+02
-8.3265e+02
-1.2981e+03
-1.2479e+03
-1.2280e+03
-1.3805e+03
-8.2836e+02
-3.3763e+01
8.2682e+02
1.7718e+03
1.6261e+03
7.6553e+02
-3.1653e+02
-8.4883e+02
-8.7002e+02
-1.0464e+03
-1.3182e+03
-1.0653e+03
-7.1495e+02
-2.8340e+02
1.8066e+02
2.7951e+02
4.6680e-01
-1.8750e-01
5.8594e-03
4.6875e-02
9.7656e-03
-2.6562e+00
-2.4581e+02
-8.2496e+02
-1.0964e+03
-1.1005e+03
-1.3416e+03
-1.2780e+03
-6.3075e+02
-4.9569e+01
7.7503e+02
1.3996e+03
1.0269e+03
2.0870e+02
-3.4246e+02
-8.8723e+02
-7.9174e+02
-1.1647e+03
-1.0209e+03
-7.4217e+02
-4.4084e+02
-4.7881e+01
2.8116e+02
2.8773e+02
6.7188e-01
4.7070e-01
2.9297e-02
5.8594e-02
-2.5391e-02
-3.2129e+00
-2.2795e+02
-7.0423e+02
-7.2934e+02
-8.3201e+02
-1.2109e+03
-9.5370e+02
-2.0788e+02
1.1225e+02
4.1473e+02
8.6664e+02
6.5535e+02
1.3841e+02
-1.6327e+02
-4.7281e+02
-5.2311e+02
-6.4560e+02
-4.5162e+02
-1.8586e+02
6.2328e+01
2.3716e+02
3.7569e+02
2.8932e+02
4.2383e-01
2.8906e-01
0.0000e+00
-2.5586e-01
-1.6016e-01
9.4043e+00
-1.5767e+02
-3.8477e+02
-1.9749e+02
-5.1689e+02
-7.1071e+02
-4.4877e+02
-8.0945e+01
-5.0378e+01
-7.5302e+01
1.7771e+02
4.3114e+02
3.0810e+02
1.3830e+01
2.4804e+02
3.6458e+02
3.2105e+02
3.4924e+02
3.0410e+02
4.0123e+02
4.9904e+02
4.2443e+02
2.1447e+02
8.3984e-02
0.0000e+00
6.2500e-02
1.9531e-02
7.4219e-02
5.2129e+01
7.3586e+01
3.6638e+02
5.0924e+02
3.4847e+02
3.0522e+01
-5.9476e+01
-2.3312e+02
-4.7838e+02
-5.3058e+02
6.8605e+01
3.0356e+02
2.0647e+02
2.4083e+02
5.3255e+02
6.5349e+02
6.6650e+02
9.9495e+02
7.9560e+02
3.7033e+02
3.1923e+02
3.6102e+02
1.3793e+02
-4.2383e-01
-7.6172e-02
6.0547e-02
1.9531e-02
1.4648e-01
2.3072e+01
2.5653e+02
4.8446e+02
4.5800e+02
2.2973e+02
1.7011e+02
5.4830e+01
-5.4364e+02
-1.0167e+03
-9.1496e+02
-3.0526e+02
-1.2623e+02
-1.4174e+02
-1.1968e+01
1.3547e+02
2.1793e+02
3.2116e+02
6.5177e+02
5.1247e+02
1.1280e+02
6.0494e+01
7.4430e+01
5.0754e+01
1.9141e-01
-1.4062e-01
0.0000e+00
0.0000e+00
0.0000e+00
-9.1797e-02
9.3420e+01
1.3005e+02
1.7722e+02
3.2857e+01
1.2357e+02
3.0952e+02
-2.8526e+02
-7.4597e+02
-6.0562e+02
-4.6056e+02
-3.7111e+02
-2.0366e+02
-1.1891e+02
-1.2523e+02
-5.7973e+01
8.7660e+01
2.9819e+02
6.7023e+01
2.8633e+00
-1.6855e+00
-2.2266e-01
3.0859e-01
5.6641e-01
0.0000e+00
0.0000e+00
0.0000e+00
0.0000e+00
1.9531e-03
-4.4336e-01
1.7133e+01
5.1875e+01
1.5928e+02
1.8025e+02
2.7833e+02
2.7817e+02
-2.6043e+01
-3.1287e+02
-3.3819e+02
-2.6915e+02
-2.9652e+01
4.0809e+01
4.6688e+01
1.9162e+01
1.1908e+01
1.1100e+01
8.0195e+00
1.1484e+00
-2.0898e-01
-2.5000e-01
6.6406e-02
3.5156e-02
0.0000e+00
0.0000e+00
0.0000e+00
0.0000e+00
0.0000e+00
0.0000e+00
1.6016e-01
3.8672e-01
2.5195e-01
6.8359e-01
2.1875e-01
-3.0532e+00
-2.8214e+01
1.2372e+02
5.2518e+01
1.2123e+01
8.1660e+00
1.2637e+00
-4.0625e-01
-9.5703e-02
0.0000e+00
0.0000e+00
0.0000e+00
0.0000e+00
0.0000e+00
0.0000e+00
0.0000e+00
0.0000e+00
0.0000e+00
0.0000e+00
0.0000e+00
0.0000e+00
0.0000e+00
0.0000e+00
0.0000e+00
0.0000e+00
0.0000e+00
0.0000e+00
0.0000e+00
1.4453e-01
8.2031e-02
0.0000e+00
0.0000e+00
6.2500e-01
1.8652e+00
6.2500e-01
0.0000e+00
0.0000e+00
0.0000e+00
0.0000e+00
0.0000e+00
0.0000e+00
0.0000e+00
0.0000e+00
0.0000e+00
0.0000e+00
0.0000e+00
0.0000e+00
0.0000e+00
0.0000e+00
0.0000e+00
0.0000e+00
0.0000e+00
0.0000e+00
0.0000e+00
0.0000e+00
0.0000e+00
0.0000e+00
0.0000e+00
0.0000e+00
0.0000e+00
0.0000e+00
0.0000e+00
0.0000e+00
0.0000e+00
0.0000e+00
0.0000e+00
0.0000e+00
0.0000e+00
0.0000e+00
0.0000e+00
0.0000e+00
0.0000e+00
0.0000e+00
0.0000e+00
1.7342e+03
