0.000000000000000000e+00
0.000000000000000000e+00
0.000000000000000000e+00
0.000000000000000000e+00
0.000000000000000000e+00
0.000000000000000000e+00
0.000000000000000000e+00
0.000000000000000000e+00
0.000000000000000000e+00
0.000000000000000000e+00
0.000000000000000000e+00
0.000000000000000000e+00
0.000000000000000000e+00
0.000000000000000000e+00
0.000000000000000000e+00
0.000000000000000000e+00
0.000000000000000000e+00
0.000000000000000000e+00
0.000000000000000000e+00
0.000000000000000000e+00
0.000000000000000000e+00
0.000000000000000000e+00
0.000000000000000000e+00
0.000000000000000000e+00
0.000000000000000000e+00
0.000000000000000000e+00
0.000000000000000000e+00
0.000000000000000000e+00
0.000000000000000000e+00
0.000000000000000000e+00
0.000000000000000000e+00
0.000000000000000000e+00
0.000000000000000000e+00
0.000000000000000000e+00
0.000000000000000000e+00
0.000000000000000000e+00
0.000000000000000000e+00
0.000000000000000000e+00
0.000000000000000000e+00
-2.500000000000000000e-01
-4.941406250000000000e-01
-2.031250000000000000e-01
6.093750000000000000e-01
-3.539453125000000000e+01
-9.931835937500000000e+01
-4.730273437500000000e+01
0.000000000000000000e+00
0.000000000000000000e+00
0.000000000000000000e+00
0.000000000000000000e+00
0.000000000000000000e+00
0.000000000000000000e+00
0.000000000000000000e+00
0.000000000000000000e+00
0.000000000000000000e+00
0.000000000000000000e+00
0.000000000000000000e+00
0.000000000000000000e+00
0.000000000000000000e+00
-5.664062500000000000e-02
-1.953125000000000000e-02
0.000000000000000000e+00
-1.660156250000000000e-01
-3.906250000000000000e-01
-8.593750000000000000e-02
0.000000000000000000e+00
1.679687500000000000e-01
1.265625000000000000e+00
2.298828125000000000e+01
1.273808593750000000e+02
7.862304687500000000e+01
6.562695312500000000e+01
1.584655342508693536e+02
3.533837602483606020e+02
8.690945066592711044e+01
6.158203125000000000e+00
1.523437500000000000e+00
0.000000000000000000e+00
0.000000000000000000e+00
0.000000000000000000e+00
0.000000000000000000e+00
0.000000000000000000e+00
0.000000000000000000e+00
0.000000000000000000e+00
0.000000000000000000e+00
0.000000000000000000e+00
0.000000000000000000e+00
-1.640625000000000000e-01
-2.421875000000000000e-01
-7.558593750000000000e-01
-6.464843750000000000e-01
-6.601562500000000000e-01
2.529469905897696336e+01
2.283573944131285316e+01
-1.666015625000000000e+00
1.563877726746914476e+01
1.051460144160325001e+02
2.265874573971073573e+02
3.679869688781334958e+02
3.482026135037446579e+02
5.457875517372601735e+02
5.924907772568938071e+02
2.643991049019937236e+02
4.345957648445431687e+01
5.797823202114685870e+01
2.920312500000000000e+01
-1.546875000000000000e+00
-6.914062500000000000e-01
-4.980468750000000000e-01
-1.425781250000000000e-01
0.000000000000000000e+00
0.000000000000000000e+00
0.000000000000000000e+00
0.000000000000000000e+00
0.000000000000000000e+00
-3.144531250000000000e-01
-2.578125000000000000e-01
2.771484375000000000e+00
-1.027343750000000000e+00
-2.724609375000000000e+00
2.333184061851361832e+02
3.335246947150595247e+02
1.644558924125491615e+02
1.787977381478252994e+02
3.069090303712021068e+02
4.243737070076088003e+02
2.271852433521695218e+02
2.965920543921974968e+02
5.496028177783782809e+01
4.582979142574046705e+02
-2.070997449078406021e+02
1.827352584721875246e+02
2.714018737407928370e+02
2.481276863125110310e+02
1.357070863581282936e+02
5.191432386191509352e+01
2.943359375000000000e+00
-3.378906250000000000e-01
0.000000000000000000e+00
0.000000000000000000e+00
0.000000000000000000e+00
0.000000000000000000e+00
1.484375000000000000e-01
-2.578125000000000000e-01
1.152343750000000000e+00
1.948437500000000000e+01
2.049609375000000000e+01
2.770035521943892221e+01
3.824550655020013323e+02
5.317976629504885295e+02
3.436275982894165963e+02
2.653476728990112861e+02
4.910098977388058188e+02
8.227296280300192848e+02
-9.719370255935120895e+01
-4.898943863653778976e+02
-2.307909799746148281e+02
-1.386618815111067988e+02
-5.928113546031024725e+02
-3.582536837174626498e+02
3.032533080738442663e+02
4.461402017109015787e+02
3.914866252871137249e+02
3.026567368071670785e+02
1.106256620198291216e+02
-1.601562500000000000e-01
1.035156250000000000e-01
0.000000000000000000e+00
0.000000000000000000e+00
0.000000000000000000e+00
3.710937500000000000e-02
6.015625000000000000e-01
1.289062500000000000e-01
8.333984375000000000e+00
1.000961673968674717e+02
1.760444216894823626e+02
2.571148167771804083e+02
2.924713690121723744e+02
9.050479554636297053e+01
-7.943645322273171416e+01
1.811052018868951166e+02
2.433741827240507405e+02
-2.432343511887194154e+02
-4.304642085166598235e+02
-6.356431287495645392e+02
-6.395928560583722629e+02
-3.050235072232239872e+02
-7.633729720422423952e+02
1.371509247057687730e+02
6.188824313924612852e+02
1.539486754288442967e+02
1.285348415777548041e+02
2.033003097155445289e+02
-7.460937500000000000e-01
-1.601562500000000000e-01
-1.425781250000000000e-01
0.000000000000000000e+00
0.000000000000000000e+00
1.406250000000000000e-01
6.445312500000000000e-02
3.250717147011889665e+02
3.646777453302686922e+02
2.191998498383999561e+02
2.998985769422380940e+02
1.466669424968177111e+02
-2.234004506582590466e+02
-5.027678873695024322e+02
-5.905050138681626777e+02
-1.140265599698407613e+02
-7.925806384214900469e+00
-1.219162892146688648e+02
-3.032826345271471951e+02
-5.854297636699905070e+02
-7.795259408473621079e+02
-3.929469743120963585e+02
-7.842609364634322446e+02
-2.071557425628923568e+02
-1.207383552733005843e+02
-1.967342739326116998e+02
-4.193236464374144390e+01
4.459437074423482272e+01
-1.898437500000000000e+00
4.296875000000000000e-02
-3.007812500000000000e-01
0.000000000000000000e+00
0.000000000000000000e+00
-7.031250000000000000e-02
1.503906250000000000e-01
3.049974134687661262e+02
4.322705555584395256e+02
1.850703116629482565e+02
2.579311388005181698e+02
1.681469460733102608e+02
-3.118126744043692042e+02
-4.861799909023625901e+02
-3.400910124941615322e+02
1.639898316726561802e+02
-1.364080876658026682e+02
5.032969113270154367e+02
2.500807963255339530e+02
-6.912098912448570900e+02
-6.139307072579313171e+02
-3.671555526456496636e+02
-6.238046353449192338e+02
-7.567092423208974878e+02
-8.226510786102844577e+02
-4.419021365700992305e+02
-1.739356954747966881e+02
-3.449415716322766201e+01
-1.189453125000000000e+00
0.000000000000000000e+00
0.000000000000000000e+00
0.000000000000000000e+00
1.582031250000000000e-01
-5.273437500000000000e-02
7.226562500000000000e-02
3.743554978918877509e+02
3.788328905935937883e+02
-2.564011001472413653e+01
1.294031373306434318e+02
6.826478848198127025e+01
-1.003402534196081177e+02
-2.530453312352873354e+02
-1.785222521886459788e+02
-3.009215189660290335e+00
5.011986147401455582e+02
9.331043347828609740e+02
4.425384387921377538e+02
1.450946984218701346e+02
-1.505945429781818063e+02
5.573081641876908066e+01
-2.354441977218149020e+02
-1.113382818159351245e+03
-1.418769738308950309e+03
-8.128328987206011789e+02
-4.343243984493436756e+02
-1.121386718750000000e+02
-1.396484375000000000e+00
1.230468750000000000e-01
0.000000000000000000e+00
0.000000000000000000e+00
2.597656250000000000e-01
-2.714843750000000000e-01
-2.773437500000000000e-01
3.708437791418877509e+02
1.848400432342106967e+02
-1.158299815068529881e+02
-2.262477725302940712e+02
-2.564470022869244872e+02
-6.529950939088460871e+01
-2.220908107773368272e+02
-1.918466695475376298e+02
-7.552771705860067186e+01
4.338859233928732237e+02
8.881986567153842316e+02
9.773644914833261055e+02
5.335135571399130185e+02
-5.188595859109513242e+01
-9.411720012436529004e+00
-3.566804952180292503e+02
-1.316948001507370691e+03
-1.413595876134762420e+03
-9.474812406015579427e+02
-4.821093764014250951e+02
-1.659472656250000000e+02
-2.654296875000000000e+00
3.378906250000000000e-01
7.421875000000000000e-02
0.000000000000000000e+00
1.210937500000000000e-01
7.421875000000000000e-02
-2.714843750000000000e-01
3.637754197668877509e+02
7.418154559237459011e+01
-2.438797216030862103e+02
-4.257859580141498554e+02
-6.134658046045956326e+02
-4.730809681561290745e+02
-4.529141577231546307e+02
-5.387642619745849970e+02
-5.439322771037335080e+00
5.791918599361059705e+02
1.010245369063505677e+03
1.407440519064805812e+03
9.023972974871924180e+02
-5.394751457703579689e+01
-5.393490999027188764e+02
-7.894783280628458897e+02
-8.071746630645488949e+02
-9.967425032246135288e+02
-7.183419780113340494e+02
-3.178671916206081391e+02
-2.209375000000000000e+02
-4.523437500000000000e+00
-1.230468750000000000e-01
1.777343750000000000e-01
0.000000000000000000e+00
-3.125000000000000000e-02
-9.375000000000000000e-02
-1.171875000000000000e-02
3.348451764114583398e+02
-1.517288919426816562e+02
-3.299803822010659928e+02
-5.818771506652761900e+02
-9.511435237876869451e+02
-9.826089376624182705e+02
-7.578781968098963944e+02
-4.109879193050097683e+02
-4.172405553549472756e+02
8.016276557547010952e+02
1.435876370719166971e+03
1.685687890375975257e+03
8.602254032324258333e+02
3.351752059380283644e+00
-6.836364220238067446e+02
-9.682018645401535650e+02
-6.251131185440483478e+02
-1.009027522077283379e+03
-8.246680270762014970e+02
-6.002382834671800538e+02
-2.713554687500000000e+02
-7.320312500000000000e+00
-3.027343750000000000e-01
2.148437500000000000e-01
6.250000000000000000e-02
-1.230468750000000000e-01
-3.261718750000000000e-01
-6.289062500000000000e-01
1.830874168417962835e+02
-2.708985710038799652e+02
-4.757660153583951796e+02
-9.510568975128496731e+02
-1.380899301424082751e+03
-1.397432349461628974e+03
-8.139425425271464292e+02
-8.130168129702810802e+02
-5.498762130500062995e+02
1.258130348143944275e+03
2.233036569020835486e+03
1.893554938531930929e+03
7.032266408681199437e+02
-8.537300834426191898e+01
-1.303025896664024685e+03
-9.307713452750899705e+02
-6.368177021317872004e+02
-1.448880073876475535e+03
-1.317703125000000000e+03
-8.524726562500000000e+02
-2.986367187500000000e+02
-1.008398437500000000e+01
-1.171875000000000000e-02
0.000000000000000000e+00
0.000000000000000000e+00
0.000000000000000000e+00
2.148437500000000000e-02
-7.031250000000000000e-02
6.657467105895653958e+01
-3.759503982138365927e+02
-8.894745836388158295e+02
-1.420062012772754770e+03
-1.533013391307742495e+03
-6.969792436866275693e+02
-1.064302692625646614e+03
-7.714845051747773823e+02
-1.598501039914657724e+02
1.390561693596877603e+03
2.617741667740031971e+03
1.984267598040584062e+03
5.109379302856929712e+02
-5.034286629807644431e+02
-1.655460870631118951e+03
-6.870189890407909843e+02
-8.793979062465164134e+02
-1.502025390625000000e+03
-1.259777343750000000e+03
-8.072070312500000000e+02
-2.961347656250000000e+02
-1.191601562500000000e+01
4.882812500000000000e-02
0.000000000000000000e+00
0.000000000000000000e+00
0.000000000000000000e+00
1.250000000000000000e-01
-3.730468750000000000e-01
-1.287324218750000000e+02
-6.361503906250000000e+02
-1.166068359375000000e+03
-1.515009240407010793e+03
-1.203217912516877504e+03
-7.964552929887777282e+02
-1.366443563893826195e+03
-6.142699134519501740e+02
3.996644401820864232e+02
1.641967137174548498e+03
2.842056422443403335e+03
1.431958467244702206e+03
5.444894817887328031e+01
-9.179303072443940437e+02
-1.062448820617821639e+03
-6.900662093611661021e+02
-8.979496056081657116e+02
-1.432375000000000000e+03
-1.161486328125000000e+03
-7.102519531250000000e+02
-2.556250000000000000e+02
-1.047070312500000000e+01
1.953125000000000000e-02
0.000000000000000000e+00
0.000000000000000000e+00
7.617187500000000000e-02
8.789062500000000000e-02
-1.337890625000000000e+00
-1.784179687500000000e+02
-7.563378906250000000e+02
-1.295099623091724425e+03
-1.512437663264024650e+03
-9.041408628324348911e+02
-1.386232419578122517e+03
-1.035790895183614566e+03
-1.027084742236698389e+02
4.316930925364326299e+02
1.793770636071039235e+03
2.229259415169747172e+03
9.551703055508299940e+02
-4.120512214941962839e+02
-1.094854351129507904e+03
-5.094355528856926867e+02
-6.678764846520894025e+02
-1.244333984375000000e+03
-1.308451171875000000e+03
-9.847148437500000000e+02
-4.015653010841940613e+02
2.194650639535597065e+02
1.268323994657683471e+02
2.851562500000000000e-01
-2.343750000000000000e-02
0.000000000000000000e+00
2.480468750000000000e-01
8.593750000000000000e-02
-2.146484375000000000e+00
-2.267753906250000000e+02
-8.326523437500000000e+02
-1.279885293393081383e+03
-1.018735540814446267e+03
-1.017529356918765075e+03
-1.262316191424012004e+03
-6.215264490924079155e+02
-1.306062503156449282e+02
3.009420293986408410e+02
1.298692905978003409e+03
1.217706233724373760e+03
5.764693789202121934e+02
-5.642852753281501919e+02
-1.177487033791625663e+03
-7.742198182295386459e+02
-8.267043101546684056e+02
-1.286971045341796753e+03
-1.065302734375000000e+03
-7.149511718750000000e+02
-1.922168341373026124e+02
4.563759568943467571e+02
5.530545757130920492e+02
4.667968750000000000e-01
-1.875000000000000000e-01
5.859375000000000000e-03
4.687500000000000000e-02
9.765625000000000000e-03
-2.656250000000000000e+00
-2.458066406250000000e+02
-8.249628906250000000e+02
-9.427216358965864629e+02
-8.016160517230538289e+02
-1.155988078986064011e+03
-1.055425496930612553e+03
-4.413461900473125752e+02
-3.751606369345989833e+02
2.697836412952093497e+02
1.100657940431629413e+03
7.764293059213059678e+02
1.998997841624689897e+01
-3.544436717209150629e+02
-1.142492424524444232e+03
-5.456460828016171263e+02
-1.135038467657167985e+03
-1.007115510850868304e+03
-7.421738281250351292e+02
-4.408417968750000000e+02
4.330074398769737343e+01
5.568720506443468139e+02
5.645356709224741962e+02
6.718750000000000000e-01
4.707031250000000000e-01
2.929687500000000000e-02
5.859375000000000000e-02
-2.539062500000000000e-02
-3.212890625000000000e+00
-2.279511718750000000e+02
-7.020472753497097074e+02
-4.712145827843005463e+02
-4.331522514780868391e+02
-9.363646106862892111e+02
-5.486699479343950543e+02
3.075463700505524045e+01
-2.135245902562508036e+02
-1.419667141872598393e+02
5.947758603941676938e+02
5.081871542056316002e+02
-4.486113566262413599e+01
-3.109137452985484060e+02
-4.954603697450679647e+02
-2.834527057849775247e+02
-5.594045466025459064e+02
-3.917241296466217477e+02
-1.282051551019240208e+02
1.199823448984566880e+02
3.529522212309412339e+02
6.514091600193468139e+02
5.650361131443468139e+02
4.238281250000000000e-01
2.890625000000000000e-01
0.000000000000000000e+00
-2.558593750000000000e-01
-1.601562500000000000e-01
9.404296875000000000e+00
-1.576738281250000000e+02
-3.745272928818916398e+02
4.897442667840493158e+01
-1.578730676492658063e+02
-2.879693057596805374e+02
7.612382557821885598e+01
-1.227540629154631446e+01
-4.271980821942610760e+02
-6.848186283412264856e+02
-3.287734810865936197e+02
2.072199221938596452e+02
3.436298867287655980e+02
-3.618769264761703397e+01
5.039833526879729675e+02
7.001601535990641878e+02
5.354268983485260378e+02
6.125722776695066614e+02
3.934551725344914530e+02
4.905430602926874712e+02
6.679171489270812572e+02
7.001435350193468139e+02
3.968339098503947753e+02
8.398437500000000000e-02
0.000000000000000000e+00
6.250000000000000000e-02
1.953125000000000000e-02
7.421875000000000000e-02
5.212890625000000000e+01
7.446833916434361811e+01
3.915412463217610934e+02
6.643608494938374633e+02
7.112455024774485537e+02
6.092469263361109597e+02
4.597240718911103272e+02
-2.330768624292765594e+02
-8.478098377974235973e+02
-1.161554813616053934e+03
-3.148849592152892569e+02
2.693534190275070159e+02
1.538214808798515207e+02
2.798547656878702696e+02
7.744810116251561567e+02
8.289658576916508537e+02
8.209349200024440734e+02
1.338303488200938318e+03
9.471737161694243241e+02
4.262436995431011155e+02
4.459225406172348016e+02
6.009120345911442200e+02
1.770036112625846272e+02
-4.238281250000000000e-01
-7.617187500000000000e-02
6.054687500000000000e-02
1.953125000000000000e-02
1.464843750000000000e-01
2.307226562500000000e+01
2.585951720415837940e+02
5.068332534979619481e+02
5.177845556250139225e+02
3.142959545918451454e+02
5.188753097242604326e+02
5.743821926203022485e+02
-5.073118568890423035e+02
-1.281777912832463244e+03
-1.354608790085626879e+03
-3.113156445652391540e+02
-1.120951861192820047e+02
-2.714326359511596252e+02
-8.337046323198110542e+01
1.797110033787642465e+02
2.444737902979130126e+02
4.085720831559242470e+02
9.393337776296328911e+02
6.595967537438149293e+02
1.128684119357220510e+02
7.352008396252819011e+01
9.722508834067433270e+01
5.075390625000000000e+01
1.914062500000000000e-01
-1.406250000000000000e-01
0.000000000000000000e+00
0.000000000000000000e+00
0.000000000000000000e+00
-9.179687500000000000e-02
9.423014559228776932e+01
1.332081490795799539e+02
1.809498556865162016e+02
3.779328475817586508e+01
2.538852436377157460e+02
8.750807630841740092e+02
-1.425975249404627050e+02
-8.296089549069135956e+02
-7.567071183803352596e+02
-5.149852260364082213e+02
-5.001484375807971219e+02
-3.048123252755285648e+02
-9.383559393183037400e+01
-1.024673933446225931e+02
-4.726769656081054904e+01
1.734570296603237409e+02
5.646074169386369022e+02
1.008906243724962195e+02
2.863281250000000000e+00
-1.685546875000000000e+00
-2.226562500000000000e-01
3.085937500000000000e-01
5.664062500000000000e-01
0.000000000000000000e+00
0.000000000000000000e+00
0.000000000000000000e+00
0.000000000000000000e+00
1.953125000000000000e-03
-4.433593750000000000e-01
1.773061812691652150e+01
5.415934872056317317e+01
1.667301486636061725e+02
1.891399758373459576e+02
4.080149758373458440e+02
5.693448057458913354e+02
1.252304379773799639e+02
-2.321472033681679363e+02
-3.792148529088884175e+02
-4.588457886466400737e+02
-4.532494643902122533e+01
6.356971603037756324e+01
6.944862228037752061e+01
2.563928955459360992e+01
1.190820312500000000e+01
1.109960937500000000e+01
8.019531250000000000e+00
1.148437500000000000e+00
-2.089843750000000000e-01
-2.500000000000000000e-01
6.640625000000000000e-02
3.515625000000000000e-02
0.000000000000000000e+00
0.000000000000000000e+00
0.000000000000000000e+00
0.000000000000000000e+00
0.000000000000000000e+00
0.000000000000000000e+00
1.601562500000000000e-01
3.867187500000000000e-01
2.519531250000000000e-01
6.835937500000000000e-01
2.187500000000000000e-01
-3.053235890653765328e+00
-2.821385186289121094e+01
3.461181320147551901e+02
1.349281042015336709e+02
1.212304687500000000e+01
8.166015625000000000e+00
1.263671875000000000e+00
-4.062500000000000000e-01
-9.570312500000000000e-02
0.000000000000000000e+00
0.000000000000000000e+00
0.000000000000000000e+00
0.000000000000000000e+00
0.000000000000000000e+00
0.000000000000000000e+00
0.000000000000000000e+00
0.000000000000000000e+00
0.000000000000000000e+00
0.000000000000000000e+00
0.000000000000000000e+00
0.000000000000000000e+00
0.000000000000000000e+00
0.000000000000000000e+00
0.000000000000000000e+00
0.000000000000000000e+00
0.000000000000000000e+00
0.000000000000000000e+00
0.000000000000000000e+00
1.445312500000000000e-01
8.203125000000000000e-02
0.000000000000000000e+00
0.000000000000000000e+00
6.250000000000000000e-01
1.865234375000000000e+00
6.250000000000000000e-01
0.000000000000000000e+00
0.000000000000000000e+00
0.000000000000000000e+00
0.000000000000000000e+00
0.000000000000000000e+00
0.000000000000000000e+00
0.000000000000000000e+00
0.000000000000000000e+00
0.000000000000000000e+00
0.000000000000000000e+00
0.000000000000000000e+00
0.000000000000000000e+00
0.000000000000000000e+00
0.000000000000000000e+00
0.000000000000000000e+00
0.000000000000000000e+00
0.000000000000000000e+00
0.000000000000000000e+00
0.000000000000000000e+00
0.000000000000000000e+00
0.000000000000000000e+00
0.000000000000000000e+00
0.000000000000000000e+00
0.000000000000000000e+00
0.000000000000000000e+00
0.000000000000000000e+00
0.000000000000000000e+00
0.000000000000000000e+00
0.000000000000000000e+00
0.000000000000000000e+00
0.000000000000000000e+00
0.000000000000000000e+00
0.000000000000000000e+00
0.000000000000000000e+00
0.000000000000000000e+00
0.000000000000000000e+00
0.000000000000000000e+00
0.000000000000000000e+00
0.000000000000000000e+00
2.519659710051116235e+03
