0.000000000000000000e+00
0.000000000000000000e+00
0.000000000000000000e+00
0.000000000000000000e+00
0.000000000000000000e+00
0.000000000000000000e+00
0.000000000000000000e+00
0.000000000000000000e+00
0.000000000000000000e+00
0.000000000000000000e+00
0.000000000000000000e+00
0.000000000000000000e+00
0.000000000000000000e+00
0.000000000000000000e+00
0.000000000000000000e+00
0.000000000000000000e+00
0.000000000000000000e+00
0.000000000000000000e+00
0.000000000000000000e+00
0.000000000000000000e+00
0.000000000000000000e+00
0.000000000000000000e+00
0.000000000000000000e+00
0.000000000000000000e+00
0.000000000000000000e+00
0.000000000000000000e+00
0.000000000000000000e+00
0.000000000000000000e+00
0.000000000000000000e+00
0.000000000000000000e+00
0.000000000000000000e+00
0.000000000000000000e+00
0.000000000000000000e+00
0.000000000000000000e+00
0.000000000000000000e+00
0.000000000000000000e+00
0.000000000000000000e+00
0.000000000000000000e+00
0.000000000000000000e+00
-2.500000000000000139e-02
-4.941406250000000139e-02
-2.031250000000000069e-02
6.093750000000000555e-02
-3.433984378508363910e+00
-9.643554697089527394e+00
-4.593164067060873990e+00
0.000000000000000000e+00
0.000000000000000000e+00
0.000000000000000000e+00
0.000000000000000000e+00
0.000000000000000000e+00
0.000000000000000000e+00
0.000000000000000000e+00
0.000000000000000000e+00
0.000000000000000000e+00
0.000000000000000000e+00
0.000000000000000000e+00
0.000000000000000000e+00
0.000000000000000000e+00
-5.664062500000000694e-03
-1.953125000000000000e-03
0.000000000000000000e+00
-1.660156250000000000e-02
-3.906250000000000000e-02
-8.593750000000000694e-03
0.000000000000000000e+00
1.679687499999999931e-02
1.207031250018267277e-01
2.215234375027888447e+00
1.265136738438485864e+01
7.753338790750913923e+00
6.544918390840203770e+00
1.614333931051225690e+01
3.609859488541045636e+01
8.871693523944939486e+00
6.158203125000001332e-01
1.523437500000000000e-01
0.000000000000000000e+00
0.000000000000000000e+00
0.000000000000000000e+00
0.000000000000000000e+00
0.000000000000000000e+00
0.000000000000000000e+00
0.000000000000000000e+00
0.000000000000000000e+00
0.000000000000000000e+00
0.000000000000000000e+00
-1.640625000000000069e-02
-2.421875000000000069e-02
-7.558593750000000555e-02
-6.464843750000000278e-02
-6.601562500000000833e-02
2.586548366114190589e+00
2.334335236127656810e+00
-1.665754946842441520e-01
1.494283206235592187e+00
1.028002298203370302e+01
2.297514708735089073e+01
3.695679500387934269e+01
3.513396452829825023e+01
5.594549388674429480e+01
6.213207127211322955e+01
2.805235428247837604e+01
4.373067204688091181e+00
5.970704959513961185e+00
2.982031250653449206e+00
-1.546875000000000056e-01
-6.914062499999999722e-02
-4.980468750000000000e-02
-1.425781250000000139e-02
0.000000000000000000e+00
0.000000000000000000e+00
0.000000000000000000e+00
0.000000000000000000e+00
0.000000000000000000e+00
-3.144531250000000278e-02
-2.578125000000000208e-02
2.576171875000000111e-01
-1.070312499999999667e-01
-2.724609375000000555e-01
2.400455345011705788e+01
3.441117816715441080e+01
1.716079841413782958e+01
1.875574915412105881e+01
3.159797154855199963e+01
4.283443367244399980e+01
2.240578223462562590e+01
3.142893797055283045e+01
5.596845621733463005e+00
4.403292525250707001e+01
-2.608073984047124938e+01
1.313289091699173916e+01
2.479732713905177377e+01
2.482127403587675829e+01
1.338304696664217097e+01
5.141273343986565436e+00
2.757851775070938594e-01
-3.378906250000000139e-02
0.000000000000000000e+00
0.000000000000000000e+00
0.000000000000000000e+00
0.000000000000000000e+00
1.484375000000000104e-02
-2.578125000000000208e-02
1.152343750000000000e-01
1.872656250000000355e+00
2.014453119697150019e+00
2.790993849608914612e+00
3.915500545081079053e+01
5.447965172601775663e+01
3.583744298594383082e+01
2.793704616318083467e+01
5.753212093714908804e+01
1.079095362063378190e+02
-9.537295200580778953e+00
-5.394786274044595586e+01
-2.174765023461036151e+01
-1.688517905486562398e+01
-7.015381491394815328e+01
-4.551878529634771553e+01
2.573559659883037298e+01
4.675731125767804031e+01
4.172100274020669275e+01
3.422545324191651162e+01
1.348737353923510973e+01
-1.601562500000000208e-02
1.035156250000000139e-02
0.000000000000000000e+00
0.000000000000000000e+00
0.000000000000000000e+00
3.710937500000000260e-03
6.015625000000000139e-02
1.289062499999999584e-02
7.818359375000000222e-01
9.831243290636693999e+00
1.736811102220207914e+01
2.576730502885950003e+01
2.990292537493360570e+01
1.035744774206898633e+01
-6.983797916494683733e+00
2.691400053034405815e+01
4.659621746831177802e+01
-1.039505067066250099e+01
-4.869490243280617392e+01
-7.186847473206837833e+01
-6.814814257517815577e+01
-4.022613889026941081e+01
-8.371247937947948969e+01
1.802269481872730950e+01
7.020209724686323227e+01
1.785586429611210590e+01
1.670227860175345214e+01
2.368603138942022568e+01
-7.460937500000000555e-02
-1.601562500000000208e-02
-1.425781250000000139e-02
0.000000000000000000e+00
0.000000000000000000e+00
1.406250000000000035e-02
6.445312500000000520e-03
3.826388896653647009e+01
4.248812710876492105e+01
2.191194391330743940e+01
2.961157865068480177e+01
1.464960208881251802e+01
-2.202320930012998090e+01
-4.996628252013299232e+01
-5.841114241123697326e+01
2.341309494707948247e+00
2.068136855443172450e+01
1.172787495090227505e+00
-4.004950827907853750e+01
-6.827192850681248615e+01
-8.732354461487919650e+01
-4.720020398653044680e+01
-7.913316926055310319e+01
-1.633298913677076314e+01
-8.438821158496327968e+00
-1.660250626371937344e+01
-1.818229164486833138e+00
4.537400470106669914e+00
-1.898437500000000056e-01
4.296875000000000347e-03
-3.007812500000000069e-02
0.000000000000000000e+00
0.000000000000000000e+00
-7.031250000000000173e-03
1.503906250000000035e-02
3.591782840232879437e+01
5.107712486914068961e+01
1.933018130571944226e+01
2.531557809973974216e+01
1.731680242628207367e+01
-3.010753685501766341e+01
-4.790801878567503991e+01
-3.247232415884082712e+01
3.265460522139601807e+01
5.551877785948702737e+00
6.186388884263701016e+01
1.368466865473099148e+01
-8.342126011618275072e+01
-7.608041046702912524e+01
-3.384388081287460892e+01
-5.457166370316010529e+01
-7.219068122981823876e+01
-8.217227927570498025e+01
-4.176409407165498067e+01
-1.565430061093402259e+01
-3.365742894067036417e+00
-1.189453125000000111e-01
0.000000000000000000e+00
0.000000000000000000e+00
0.000000000000000000e+00
1.582031249999999931e-02
-5.273437500000000347e-03
7.226562500000000347e-03
4.411580485187668188e+01
4.505609749072468162e+01
-2.093289417901895266e+00
1.266136596822326688e+01
7.573058221981975535e+00
-9.009711889574552046e+00
-2.409357351253050439e+01
-1.723390340950294686e+01
1.482901565104517871e+01
7.104599290419852764e+01
1.007569217949019418e+02
3.058874142260527407e+01
2.856715592426366079e+00
-2.982290540147585389e+01
2.330227526283409389e+01
4.894617589440435346e+00
-1.014916433067370320e+02
-1.422525652685976354e+02
-7.960331257878597455e+01
-4.278945460501158493e+01
-1.121386718750000000e+01
-1.396484375000000000e-01
1.230468750000000139e-02
0.000000000000000000e+00
0.000000000000000000e+00
2.597656250000000139e-02
-2.714843750000000069e-02
-2.773437500000000208e-02
4.376463297687668330e+01
2.294776922706042654e+01
-1.156011888244008290e+01
-2.265546610485991863e+01
-2.537144790920219251e+01
-6.359296966926909711e+00
-2.234069270156640385e+01
-1.442860327289413647e+01
1.477475389666467720e+01
5.652142475892993190e+01
8.435640538443210801e+01
8.943167410332361555e+01
4.294693040340857237e+01
-1.699890245725190496e+01
1.268133263560221735e+01
-7.397464913880744675e+00
-1.091717052206100362e+02
-1.428549334892082356e+02
-9.455688868650928214e+01
-4.814247946101882292e+01
-1.659472656250000355e+01
-2.654296875000000111e-01
3.378906250000000139e-02
7.421875000000000520e-03
0.000000000000000000e+00
1.210937500000000035e-02
7.421875000000000520e-03
-2.714843750000000069e-02
4.305779703937665914e+01
1.069083255161566903e+01
-2.434867879640497890e+01
-4.254638771728411939e+01
-6.091944219065945987e+01
-4.693126891259366573e+01
-4.381715680497081422e+01
-4.194253187648919123e+01
1.662116198791097332e+01
7.023850819891035258e+01
8.943645712521859537e+01
1.319626616665302379e+02
7.965260412906368970e+01
-1.512277509511596207e+01
-5.917553735603907228e+01
-5.869485087555154479e+01
-5.965607361408549281e+01
-1.011901117571034945e+02
-7.256000802436587094e+01
-3.158543168016104019e+01
-2.209375000000000000e+01
-4.523437500000000444e-01
-1.230468750000000139e-02
1.777343749999999931e-02
0.000000000000000000e+00
-3.125000000000000173e-03
-9.375000000000001388e-03
-1.171875000000000173e-03
3.989782774252464748e+01
-1.445462342578660575e+01
-3.294591118114701089e+01
-5.829993300848583715e+01
-9.514735703872344175e+01
-9.735084918750284544e+01
-7.181900912625172850e+01
-2.930358680483048772e+01
-2.960374407212398751e+01
9.030509540856807860e+01
1.308677803648218116e+02
1.618821583421047592e+02
7.734809031079734609e+01
-7.280961323148746445e+00
-7.690862458936418022e+01
-8.444899097176748626e+01
-4.090913414916856539e+01
-1.016555840700696649e+02
-8.253739906126038761e+01
-5.991552137676291068e+01
-2.713554687500000284e+01
-7.320312500000000222e-01
-3.027343750000000000e-02
2.148437500000000000e-02
6.250000000000000347e-03
-1.230468750000000139e-02
-3.261718749999999861e-02
-6.289062500000000555e-02
2.289679266456042939e+01
-2.709277619734727693e+01
-4.754702136926309208e+01
-9.512118297674621203e+01
-1.368299093392568864e+02
-1.350827579801898821e+02
-7.505780014578211023e+01
-6.994017050763233101e+01
-4.645543210730935613e+01
1.302981685451706255e+02
2.132994656234397155e+02
1.863237133868335036e+02
6.288812174852446901e+01
-1.732516373271560894e+01
-1.410592489068640702e+02
-7.307212983384559379e+01
-3.863133417762929867e+01
-1.448444213767968449e+02
-1.317703125000000171e+02
-8.524726562500001137e+01
-2.986367187500000142e+01
-1.008398437500000133e+00
-1.171875000000000173e-03
0.000000000000000000e+00
0.000000000000000000e+00
0.000000000000000000e+00
2.148437500000000173e-03
-7.031250000000000173e-03
9.243372291452271128e+00
-3.762269304266291670e+01
-8.897229505336376576e+01
-1.418530107524531729e+02
-1.494796357838510801e+02
-6.082403360063603515e+01
-1.018684623827642639e+02
-6.488236532688422642e+01
-9.854675781403312129e+00
1.387568487184956041e+02
2.597519891202389317e+02
1.977231328089272040e+02
4.620821428786716467e+01
-6.247680330959772732e+01
-1.751985904317673999e+02
-4.387075040536292647e+01
-6.304631789444606937e+01
-1.502025390624999943e+02
-1.259777343750000114e+02
-8.072070312500000000e+01
-2.961347656250000071e+01
-1.191601562500000044e+00
4.882812500000000000e-03
0.000000000000000000e+00
0.000000000000000000e+00
0.000000000000000000e+00
1.250000000000000069e-02
-3.730468750000000278e-02
-1.287324218750000071e+01
-6.355591440319619068e+01
-1.163327125170912950e+02
-1.496464782434393044e+02
-1.144982253771032958e+02
-7.320012974797673166e+01
-1.360204732811866677e+02
-5.254250602275359228e+01
4.698357839160804872e+01
1.671181702100579116e+02
2.836283402892278218e+02
1.379259408984985669e+02
-8.910528171572168477e-01
-1.076176433525289724e+02
-9.829388870170508596e+01
-4.254768110364012301e+01
-6.509295688602634300e+01
-1.433275245401694065e+02
-1.161486328125000114e+02
-7.102519531250000284e+01
-2.556250000000000000e+01
-1.047070312500000044e+00
1.953125000000000000e-03
0.000000000000000000e+00
0.000000000000000000e+00
7.617187500000000694e-03
8.789062500000000000e-03
-1.337890625000000000e-01
-1.784179687500000000e+01
-7.470391942072136260e+01
-1.282323404737960573e+02
-1.497301192395036651e+02
-8.585802511435197459e+01
-1.419918413322681090e+02
-9.812081787967852620e+01
-1.867680928392084772e-01
5.136844189032484564e+01
1.758981804248411436e+02
2.198357462641996847e+02
9.021523614395242419e+01
-4.778352233273479754e+01
-1.215932055298924439e+02
-3.035215335777789036e+01
-4.005658177177760848e+01
-1.171802532084185060e+02
-1.312140702209811138e+02
-9.864267858253525390e+01
-4.016028714298843028e+01
2.194102553625735297e+01
1.268143274438747348e+01
2.851562500000000278e-02
-2.343750000000000347e-03
0.000000000000000000e+00
2.480468750000000208e-02
8.593750000000000694e-03
-2.146484375000000111e-01
-2.267753906250000284e+01
-8.238911442349755987e+01
-1.269729712562885169e+02
-1.006623843925521129e+02
-1.010950805621254602e+02
-1.330539074365825059e+02
-5.588256028607163728e+01
-2.798833003709110478e+00
3.620430377150064061e+01
1.220410023143974314e+02
1.145640788281589977e+02
5.270797677581257545e+01
-6.318801427681570715e+01
-1.260118189588766029e+02
-5.646349363590823600e+01
-6.561528131143624876e+01
-1.275986343204721720e+02
-1.065152859695168956e+02
-7.157466096951684165e+01
-1.902760201636324666e+01
4.579725811802334334e+01
5.532611675242952742e+01
4.667968750000000416e-02
-1.875000000000000278e-02
5.859375000000000867e-04
4.687500000000000694e-03
9.765625000000000000e-04
-2.656250000000000000e-01
-2.458066406250000213e+01
-8.249628906250002558e+01
-9.395498820495710390e+01
-7.891850117346086790e+01
-1.166381719507775898e+02
-1.121514969503894577e+02
-3.547198588823192011e+01
-2.707396160515299854e+01
3.170722898545281154e+01
1.008089240933887396e+02
7.106429789306469047e+01
-3.771017729627844428e+00
-3.571707365824834568e+01
-1.199170131031390838e+02
-3.107589938994520296e+01
-1.127449090849752906e+02
-1.002420772442862642e+02
-7.381319693578689112e+01
-4.356465373352493486e+01
4.617906855342381434e+00
5.592108624302333908e+01
5.652023114457092845e+01
6.718749999999999722e-02
4.707031250000000278e-02
2.929687500000000000e-03
5.859375000000000000e-03
-2.539062500000000087e-03
-3.212890625000000000e-01
-2.279511718750000071e+01
-7.030241799952256088e+01
-4.574511961827951012e+01
-4.098969417311069208e+01
-9.293095495045645293e+01
-5.874850044838629515e+01
1.944754049330637713e+01
-9.777523587389485016e+00
-2.185056243769407303e+01
4.688809817883183939e+01
4.453064756454807593e+01
-1.062434685072345175e+01
-3.267568518096467045e+01
-4.996759426462931941e+01
-1.502715945661454633e+01
-5.523816366273062783e+01
-3.867780592707007514e+01
-1.208640472770986385e+01
1.272179830793206712e+01
3.569947093153151485e+01
6.528300030552324529e+01
5.653046124302334619e+01
4.238281250000000555e-02
2.890625000000000139e-02
0.000000000000000000e+00
-2.558593750000000278e-02
-1.601562500000000208e-02
1.007226562500000089e+00
-1.570528688970795272e+01
-3.661885676472736861e+01
8.103922078262105089e+00
-1.387647923412584383e+01
-2.818574753256358179e+01
1.378234731326970142e+01
1.604166898594550617e+01
-3.332080603633768590e+01
-8.288420084662307374e+01
-5.013442585146785291e+01
1.341629779445236004e+01
3.637087203465332408e+01
-4.218194840406728652e+00
5.449272496990660386e+01
7.567424597771262995e+01
5.539750234432346332e+01
6.304671668779037930e+01
4.018544016031017918e+01
5.000240062939482755e+01
6.733221043685054497e+01
6.983573468052347266e+01
3.963153877245241574e+01
8.398437499999999653e-03
0.000000000000000000e+00
6.250000000000000347e-03
1.953125000000000000e-03
7.421875000000000520e-03
5.509375000000001243e+00
7.566041609901319909e+00
4.247924585191047697e+01
6.952494816534090205e+01
7.292880749199738943e+01
6.077362910659930861e+01
6.194582826393617125e+01
-7.153240184753202335e+00
-8.003365986213714223e+01
-1.356099335656956555e+02
-4.330616843841615804e+01
2.913933565951126425e+01
1.693849546889210700e+01
2.835294943786841770e+01
8.097120857354559575e+01
8.603214456375761188e+01
8.397704741089796698e+01
1.357297188179842635e+02
9.628434489027758048e+01
4.303335156431660380e+01
4.464558591275589805e+01
5.980028105446186260e+01
1.750554458070420694e+01
-4.238281250000000555e-02
-7.617187500000000694e-03
6.054687500000000173e-03
1.953125000000000000e-03
1.464843750000000000e-02
2.438476562500000444e+00
2.568006930742762250e+01
5.408741558659716020e+01
5.299054295363661993e+01
3.112096922917445951e+01
5.222399844206091046e+01
7.611136911751128764e+01
-3.149626086086817267e+01
-1.258385083867692771e+02
-1.475331318167191341e+02
-3.022859596396635951e+01
-6.384710769927160356e+00
-2.831782001712083385e+01
-9.802805405164100705e+00
2.101896406941233053e+01
2.728336145925623768e+01
4.223449915302892776e+01
9.610598178718819895e+01
6.783351819902708257e+01
1.146019196357192094e+01
7.250871631068087630e+00
9.612121057494009690e+00
4.974609375000003553e+00
1.914062500000000139e-02
-1.406250000000000035e-02
0.000000000000000000e+00
0.000000000000000000e+00
0.000000000000000000e+00
-9.179687500000000347e-03
9.332525515946750616e+00
1.399207588752531706e+01
1.995886847675021514e+01
3.794657810592728442e+00
2.577381745062696439e+01
1.133727282638149063e+02
7.849948764497928444e+00
-7.919780446872609048e+01
-8.045890920820052372e+01
-4.806352159673570412e+01
-5.122773471458005190e+01
-3.205827644646704755e+01
-6.565010679198532983e+00
-7.420088476122684185e+00
-2.983820198803174506e+00
1.781827878748386240e+01
5.708429981242414186e+01
1.034979347385266735e+01
3.382812499999999778e-01
-1.685546875000000222e-01
-2.226562500000000069e-02
3.085937500000000139e-02
5.664062500000000000e-02
0.000000000000000000e+00
0.000000000000000000e+00
0.000000000000000000e+00
0.000000000000000000e+00
1.953125000000000108e-04
-4.433593750000000555e-02
1.961523437501449862e+00
6.136522710479546561e+00
1.902323890291359731e+01
2.171874674137679051e+01
5.491514703911379769e+01
8.484408396089989424e+01
2.645189415462055038e+01
-2.123137196440485397e+01
-3.863221404670394321e+01
-5.029543939449091283e+01
-4.621501557818223027e+00
7.146769703177992206e+00
7.803019653792246935e+00
2.435709381603658130e+00
1.289648327189885979e+00
1.157226535134134648e+00
8.019531205777951088e-01
1.148437499999999944e-01
-2.089843750000000208e-02
-2.500000000000000139e-02
6.640625000000000694e-03
3.515625000000000087e-03
0.000000000000000000e+00
0.000000000000000000e+00
0.000000000000000000e+00
0.000000000000000000e+00
0.000000000000000000e+00
0.000000000000000000e+00
1.601562500000000208e-02
3.867187500000000139e-02
2.519531250000000069e-02
6.835937500000000000e-02
2.187500000000000208e-02
-2.976405370933071226e-01
-2.716895679468976699e+00
4.067637655331655822e+01
1.574008516474435204e+01
1.212304687500000089e+00
8.166015625000000444e-01
1.263671875000000056e-01
-4.062500000000000139e-02
-9.570312500000000694e-03
0.000000000000000000e+00
0.000000000000000000e+00
0.000000000000000000e+00
0.000000000000000000e+00
0.000000000000000000e+00
0.000000000000000000e+00
0.000000000000000000e+00
0.000000000000000000e+00
0.000000000000000000e+00
0.000000000000000000e+00
0.000000000000000000e+00
0.000000000000000000e+00
0.000000000000000000e+00
0.000000000000000000e+00
0.000000000000000000e+00
0.000000000000000000e+00
0.000000000000000000e+00
0.000000000000000000e+00
0.000000000000000000e+00
1.445312500000000069e-02
8.203125000000000347e-03
0.000000000000000000e+00
0.000000000000000000e+00
6.250000000000000000e-02
1.865234375000000000e-01
6.250000000000000000e-02
0.000000000000000000e+00
0.000000000000000000e+00
0.000000000000000000e+00
0.000000000000000000e+00
0.000000000000000000e+00
0.000000000000000000e+00
0.000000000000000000e+00
0.000000000000000000e+00
0.000000000000000000e+00
0.000000000000000000e+00
0.000000000000000000e+00
0.000000000000000000e+00
0.000000000000000000e+00
0.000000000000000000e+00
0.000000000000000000e+00
0.000000000000000000e+00
0.000000000000000000e+00
0.000000000000000000e+00
0.000000000000000000e+00
0.000000000000000000e+00
0.000000000000000000e+00
0.000000000000000000e+00
0.000000000000000000e+00
0.000000000000000000e+00
0.000000000000000000e+00
0.000000000000000000e+00
0.000000000000000000e+00
0.000000000000000000e+00
0.000000000000000000e+00
0.000000000000000000e+00
0.000000000000000000e+00
0.000000000000000000e+00
0.000000000000000000e+00
0.000000000000000000e+00
0.000000000000000000e+00
0.000000000000000000e+00
0.000000000000000000e+00
0.000000000000000000e+00
0.000000000000000000e+00
2.792759227299735016e+02
