0.000000000000000000e+00
0.000000000000000000e+00
0.000000000000000000e+00
0.000000000000000000e+00
0.000000000000000000e+00
0.000000000000000000e+00
0.000000000000000000e+00
0.000000000000000000e+00
0.000000000000000000e+00
0.000000000000000000e+00
0.000000000000000000e+00
0.000000000000000000e+00
0.000000000000000000e+00
0.000000000000000000e+00
0.000000000000000000e+00
0.000000000000000000e+00
0.000000000000000000e+00
0.000000000000000000e+00
0.000000000000000000e+00
0.000000000000000000e+00
0.000000000000000000e+00
0.000000000000000000e+00
0.000000000000000000e+00
0.000000000000000000e+00
0.000000000000000000e+00
0.000000000000000000e+00
0.000000000000000000e+00
0.000000000000000000e+00
0.000000000000000000e+00
0.000000000000000000e+00
0.000000000000000000e+00
0.000000000000000000e+00
0.000000000000000000e+00
0.000000000000000000e+00
0.000000000000000000e+00
0.000000000000000000e+00
0.000000000000000000e+00
0.000000000000000000e+00
0.000000000000000000e+00
-2.500000000000000000e-01
-4.941406250000000000e-01
-2.031250000000000000e-01
6.093750000000000000e-01
-3.539453125000000000e+01
-9.931835937500000000e+01
-4.730273437500000000e+01
0.000000000000000000e+00
0.000000000000000000e+00
0.000000000000000000e+00
0.000000000000000000e+00
0.000000000000000000e+00
0.000000000000000000e+00
0.000000000000000000e+00
0.000000000000000000e+00
0.000000000000000000e+00
0.000000000000000000e+00
0.000000000000000000e+00
0.000000000000000000e+00
0.000000000000000000e+00
-5.664062500000000000e-02
-1.953125000000000000e-02
0.000000000000000000e+00
-1.660156250000000000e-01
-3.906250000000000000e-01
-8.593750000000000000e-02
0.000000000000000000e+00
1.679687500000000000e-01
1.265625000000000000e+00
2.298828125000000000e+01
1.273808593750000000e+02
7.862304687500000000e+01
6.562695312500000000e+01
1.646645273535308149e+02
3.679088519300870530e+02
9.037359387035557745e+01
6.158203125000000000e+00
1.523437500000000000e+00
0.000000000000000000e+00
0.000000000000000000e+00
0.000000000000000000e+00
0.000000000000000000e+00
0.000000000000000000e+00
0.000000000000000000e+00
0.000000000000000000e+00
0.000000000000000000e+00
0.000000000000000000e+00
0.000000000000000000e+00
-1.640625000000000000e-01
-2.421875000000000000e-01
-7.558593750000000000e-01
-6.464843750000000000e-01
-6.601562500000000000e-01
2.638863901827016889e+01
2.380813051624015486e+01
-1.666015625000000000e+00
1.563877726746914476e+01
1.051460144160325001e+02
2.265874573971073573e+02
3.683516155312312890e+02
3.551308999126017056e+02
5.613509395765746604e+02
6.115683532218929486e+02
2.761160544688894447e+02
4.345957648445431687e+01
5.797823202114685870e+01
2.920312500000000000e+01
-1.546875000000000000e+00
-6.914062500000000000e-01
-4.980468750000000000e-01
-1.425781250000000000e-01
0.000000000000000000e+00
0.000000000000000000e+00
0.000000000000000000e+00
0.000000000000000000e+00
0.000000000000000000e+00
-3.144531250000000000e-01
-2.578125000000000000e-01
2.771484375000000000e+00
-1.027343750000000000e+00
-2.724609375000000000e+00
2.426776702813114639e+02
3.465304253422121405e+02
1.700471410933811001e+02
1.843889868286572380e+02
3.125002790520340454e+02
4.224683260895651529e+02
2.061943801886599203e+02
2.866186825868402934e+02
1.754952690380203961e+01
4.210413949983654334e+02
-2.505493036327125083e+02
1.771744911261125424e+02
2.714018737407928370e+02
2.481276863125110310e+02
1.357070863581282936e+02
5.191432386191509352e+01
2.943359375000000000e+00
-3.378906250000000000e-01
0.000000000000000000e+00
0.000000000000000000e+00
0.000000000000000000e+00
0.000000000000000000e+00
1.484375000000000000e-01
-2.578125000000000000e-01
1.152343750000000000e+00
1.948437500000000000e+01
2.049609375000000000e+01
2.770035521943892221e+01
3.962508638775324812e+02
5.472343712649596910e+02
3.590643066038873030e+02
2.807843812134819927e+02
5.728915538488877246e+02
1.073812884833904945e+03
-1.145356361794036530e+02
-5.802305545150568378e+02
-2.612524002218607961e+02
-1.509352607787253078e+02
-6.558600846732794025e+02
-4.061566038758174386e+02
2.971056762401357219e+02
4.461402017109015787e+02
3.914866252871137249e+02
3.026567368071670785e+02
1.106256620198291216e+02
-1.601562500000000000e-01
1.035156250000000000e-01
0.000000000000000000e+00
0.000000000000000000e+00
0.000000000000000000e+00
3.710937500000000000e-02
6.015625000000000000e-01
1.289062500000000000e-01
8.333984375000000000e+00
1.000961673968674717e+02
1.760444216894823626e+02
2.598496666754134026e+02
3.033499941629214049e+02
1.050298872280894926e+02
-6.539755707846882160e+01
2.615282713845858211e+02
4.553492195004404266e+02
-1.281245894160641114e+02
-5.103175070202117922e+02
-7.049265169606205745e+02
-6.644322941531058859e+02
-3.651601153120624303e+02
-8.330313301735645837e+02
1.531994267093717212e+02
6.789909690724118718e+02
1.539486754288442967e+02
1.285348415777548041e+02
2.033003097155445289e+02
-7.460937500000000000e-01
-1.601562500000000000e-01
-1.425781250000000000e-01
0.000000000000000000e+00
0.000000000000000000e+00
1.406250000000000000e-01
6.445312500000000000e-02
3.791116019422972840e+02
4.216074661136821078e+02
2.223786667349357344e+02
2.998985769422380940e+02
1.466669424968177111e+02
-2.234004506582590466e+02
-5.012485263149285970e+02
-5.903226905416138379e+02
1.358992706617361534e+01
1.969889212338627829e+02
5.268136148047885214e+00
-3.802938943200413746e+02
-6.614245541591708388e+02
-8.605707401314707568e+02
-4.708818222229483013e+02
-8.242878330583756679e+02
-1.867032440581059234e+02
-1.077916855211910985e+02
-1.967342739326116998e+02
-4.193236464374144390e+01
4.459437074423482272e+01
-1.898437500000000000e+00
4.296875000000000000e-02
-3.007812500000000000e-01
0.000000000000000000e+00
0.000000000000000000e+00
-7.031250000000000000e-02
1.503906250000000000e-01
3.558584838133386370e+02
5.059613108872241014e+02
1.954737124152471779e+02
2.579311388005181698e+02
1.681469460733102608e+02
-3.118126744043692042e+02
-4.861799909023625901e+02
-3.400910124941615322e+02
3.219868598620392959e+02
4.139446738939171411e+01
6.392001133964205337e+02
1.646544441542647803e+02
-8.081466040215652811e+02
-7.323934270401327922e+02
-3.130374665251077886e+02
-5.770592612322278683e+02
-7.532671576964031601e+02
-8.481752076831116938e+02
-4.419021365700992305e+02
-1.739356954747966881e+02
-3.449415716322766201e+01
-1.189453125000000000e+00
0.000000000000000000e+00
0.000000000000000000e+00
0.000000000000000000e+00
1.582031250000000000e-01
-5.273437500000000000e-02
7.226562500000000000e-02
4.370648857599121015e+02
4.461660121293068073e+02
-2.101637634703569191e+01
1.294031373306434318e+02
6.826478848198127025e+01
-1.003402534196081177e+02
-2.530453312352873354e+02
-1.764128887665630714e+02
1.466245935666099172e+02
7.126655032023763852e+02
1.050336178815582116e+03
3.222001670739707606e+02
2.599407787958488569e+01
-2.744218522694399098e+02
2.444927926057507932e+02
1.000004973771201477e+01
-1.048911972468791419e+03
-1.443305286520252139e+03
-8.128328987206011789e+02
-4.343243984493436756e+02
-1.121386718750000000e+02
-1.396484375000000000e+00
1.230468750000000000e-01
0.000000000000000000e+00
0.000000000000000000e+00
2.597656250000000000e-01
-2.714843750000000000e-01
-2.773437500000000000e-01
4.335531670099121015e+02
2.267426295976371478e+02
-1.158299815068529881e+02
-2.262477725302940712e+02
-2.564470022869244872e+02
-6.529950939088460871e+01
-2.220908107773368272e+02
-1.415091273568715167e+02
1.401822401993157143e+02
6.001969266080750458e+02
8.704265300619314303e+02
8.537050397392838477e+02
4.269940874489453790e+02
-1.568711586118082550e+02
1.115157151976330709e+02
-1.133139994223595437e+02
-1.115692460027203651e+03
-1.424910871623671710e+03
-9.471456817786686315e+02
-4.818479526673136206e+02
-1.659472656250000000e+02
-2.654296875000000000e+00
3.378906250000000000e-01
7.421875000000000000e-02
0.000000000000000000e+00
1.210937500000000000e-01
7.421875000000000000e-02
-2.714843750000000000e-01
4.264848076349121015e+02
1.042358144323493718e+02
-2.438797216030862103e+02
-4.257859580141498554e+02
-6.134658046045956326e+02
-4.719402671325731262e+02
-4.389653343571450819e+02
-4.114556196230495857e+02
1.890657266917647235e+02
7.155075590812275550e+02
8.787261144527016086e+02
1.281546912027889675e+03
8.043273972510236263e+02
-1.492117826453998646e+02
-6.104190827659097067e+02
-6.121117467763559716e+02
-5.941937887062605341e+02
-9.957592378366122148e+02
-7.173509089297771197e+02
-3.170985278053848333e+02
-2.209375000000000000e+02
-4.523437500000000000e+00
-1.230468750000000000e-01
1.777343750000000000e-01
0.000000000000000000e+00
-3.125000000000000000e-02
-9.375000000000000000e-02
-1.171875000000000000e-02
3.949537140914083579e+02
-1.456602415038405809e+02
-3.299803822010659928e+02
-5.818771506652761900e+02
-9.511435237876869451e+02
-9.741879181468227671e+02
-7.165593443833881793e+02
-2.969029755503939896e+02
-2.711408696890783858e+02
9.176380898064546727e+02
1.267805828322229445e+03
1.570791143441614395e+03
7.675717486047556122e+02
-6.218029039580359552e+01
-7.700367594831085398e+02
-8.435372548295821389e+02
-4.005027786055005095e+02
-1.008087177003837610e+03
-8.237901115512003116e+02
-5.998246877087350413e+02
-2.713554687500000000e+02
-7.320312500000000000e+00
-3.027343750000000000e-01
2.148437500000000000e-01
6.250000000000000000e-02
-1.230468750000000000e-01
-3.261718750000000000e-01
-6.289062500000000000e-01
2.249900032052227346e+02
-2.708985710038799652e+02
-4.757660153583951796e+02
-9.510568975128496731e+02
-1.369561196179002309e+03
-1.354726787414252840e+03
-7.563385096137225219e+02
-7.023529783676469833e+02
-4.365052529516598270e+02
1.307237275725864265e+03
2.107539031961905039e+03
1.817460185859856665e+03
6.221008044015691212e+02
-1.510748213342121176e+02
-1.402380786221393009e+03
-7.289465721148224020e+02
-3.896046841428671428e+02
-1.448735705545697783e+03
-1.317703125000000000e+03
-8.524726562500000000e+02
-2.986367187500000000e+02
-1.008398437500000000e+01
-1.171875000000000000e-02
0.000000000000000000e+00
0.000000000000000000e+00
0.000000000000000000e+00
2.148437500000000000e-02
-7.031250000000000000e-02
9.084927281432082680e+01
-3.759503982138365927e+02
-8.894745836388158295e+02
-1.420062012772754770e+03
-1.500845423025166156e+03
-6.271906366395754731e+02
-1.049308426388587122e+03
-6.431363019321634056e+02
-7.089275760376355606e+01
1.364638556369605112e+03
2.556327045309832101e+03
1.937622585555372325e+03
4.626217987271011793e+02
-5.781842786619622530e+02
-1.742109502056313886e+03
-4.368488163176489252e+02
-6.326023858628192329e+02
-1.502025390625000000e+03
-1.259777343750000000e+03
-8.072070312500000000e+02
-2.961347656250000000e+02
-1.191601562500000000e+01
4.882812500000000000e-02
0.000000000000000000e+00
0.000000000000000000e+00
0.000000000000000000e+00
1.250000000000000000e-01
-3.730468750000000000e-01
-1.287324218750000000e+02
-6.357126924213581560e+02
-1.164039031339932762e+03
-1.499289824152911251e+03
-1.156037247215106845e+03
-7.497228165027796649e+02
-1.357912169894380668e+03
-4.885236872382364481e+02
4.771788229209666952e+02
1.630641846149721687e+03
2.805178442290109160e+03
1.362096825749739082e+03
1.133689721313281140e+01
-1.014567696753085329e+03
-9.808713379715399014e+02
-4.277207433232492235e+02
-6.511540852244685311e+02
-1.432375000000000000e+03
-1.161486328125000000e+03
-7.102519531250000000e+02
-2.556250000000000000e+02
-1.047070312500000000e+01
1.953125000000000000e-02
0.000000000000000000e+00
0.000000000000000000e+00
7.617187500000000000e-02
8.789062500000000000e-02
-1.337890625000000000e+00
-1.784179687500000000e+02
-7.494540916040861021e+02
-1.285072355153745775e+03
-1.499432028221726341e+03
-8.733554418766897243e+02
-1.430651362451916839e+03
-9.505839863349702910e+02
1.308368006250206506e+01
4.727978572006674653e+02
1.732628379795318551e+03
2.182521181740612974e+03
9.017939926876454138e+02
-4.583175679382950420e+02
-1.190528738498058374e+03
-3.012516912224669454e+02
-3.999873300475633755e+02
-1.168396901180016357e+03
-1.308451171875000000e+03
-9.847148437500000000e+02
-4.000663839452783463e+02
2.230663583782272497e+02
1.280198533030911392e+02
2.851562500000000000e-01
-2.343750000000000000e-02
0.000000000000000000e+00
2.480468750000000000e-01
8.593750000000000000e-02
-2.146484375000000000e+00
-2.267753906250000000e+02
-8.261664521869423652e+02
-1.271515775153355662e+03
-1.010705727649002711e+03
-1.026441525368649309e+03
-1.335334070650125341e+03
-5.464203532380284969e+02
-4.684351465321568497e+01
3.269590969222167587e+02
1.204196458381076127e+03
1.147304869408229933e+03
5.475417803555277487e+02
-6.241296246743939946e+02
-1.268037330421151864e+03
-5.730015634660863952e+02
-6.561816046023171793e+02
-1.277947539015556231e+03
-1.065302734375000000e+03
-7.149511718750000000e+02
-1.905816518039400762e+02
4.613204368071334898e+02
5.579601227131797714e+02
4.667968750000000000e-01
-1.875000000000000000e-01
5.859375000000000000e-03
4.687500000000000000e-02
9.765625000000000000e-03
-2.656250000000000000e+00
-2.458066406250000000e+02
-8.249628906250000000e+02
-9.399939569345144719e+02
-7.942249680815305055e+02
-1.190979517501921009e+03
-1.117380761844612380e+03
-3.576593603644207064e+02
-2.947264517091127800e+02
2.966883575827450272e+02
1.012355012794319350e+03
7.369459455362261906e+02
-1.045592629652550265e+01
-3.679135826335747765e+02
-1.211361335721979913e+03
-3.249405050742303160e+02
-1.128077446628754615e+03
-1.006146696282916650e+03
-7.421738281250351292e+02
-4.408417968750000000e+02
4.493592632105994511e+01
5.618165305571335466e+02
5.694996172916105479e+02
6.718750000000000000e-01
4.707031250000000000e-01
2.929687500000000000e-02
5.859375000000000000e-02
-2.539062500000000000e-02
-3.212890625000000000e+00
-2.279511718750000000e+02
-7.020472753497097074e+02
-4.603664134297801525e+02
-4.166839176296637675e+02
-9.651758994739769832e+02
-5.726186937792468825e+02
1.995312344277981254e+02
-1.120130406468353641e+02
-2.219541763727272610e+02
4.975672144375131438e+02
4.825059598940025012e+02
-8.269178937731165036e+01
-3.476916493938516055e+02
-5.023144911275772415e+02
-1.564421340283204529e+02
-5.510065596752195916e+02
-3.844295414784053833e+02
-1.182381465839191890e+02
1.299493534164615198e+02
3.588416145171106564e+02
6.563536399321335466e+02
5.699805930571335466e+02
4.238281250000000000e-01
2.890625000000000000e-01
0.000000000000000000e+00
-2.558593750000000000e-01
-1.601562500000000000e-01
9.404296875000000000e+00
-1.576738281250000000e+02
-3.745272928818916398e+02
6.204394217064623973e+01
-1.658482035778458510e+02
-3.175637250523590183e+02
1.582580746468391339e+02
1.560014556433386588e+02
-3.456443740805744369e+02
-8.167794071004672105e+02
-4.653097033368155166e+02
1.594613879150554681e+02
3.494685517083239574e+02
-6.622393857733915468e+01
5.294809841367923582e+02
7.408216963254188840e+02
5.511601470181087734e+02
6.286277245153831927e+02
4.088918808489621597e+02
5.059797686071581779e+02
6.829834829828770353e+02
7.050880149321335466e+02
4.001042745171198476e+02
8.398437500000000000e-02
0.000000000000000000e+00
6.250000000000000000e-02
1.953125000000000000e-02
7.421875000000000000e-02
5.212890625000000000e+01
7.446833916434361811e+01
3.915412463217610934e+02
6.630878823540117537e+02
6.960482794240681415e+02
5.857128761464053923e+02
6.464026776352073966e+02
-6.922771739714984562e+01
-7.938107960836721304e+02
-1.327543441389828786e+03
-4.048452575123548058e+02
2.743527644320063246e+02
1.304446914003727898e+02
2.557487688589704931e+02
7.902519139779100215e+02
8.445683015283165105e+02
8.270050323649364827e+02
1.345303423365053050e+03
9.537060213544589260e+02
4.358460614080082678e+02
4.536959416110758525e+02
6.052141214443956869e+02
1.777044036911685794e+02
-4.238281250000000000e-01
-7.617187500000000000e-02
6.054687500000000000e-02
1.953125000000000000e-02
1.464843750000000000e-01
2.307226562500000000e+01
2.585951720415837940e+02
5.068332534979619481e+02
5.004843905483359663e+02
2.834565064708936575e+02
4.907529440859912029e+02
7.718706616293812885e+02
-3.160803669818146773e+02
-1.237700797368965368e+03
-1.446013985834414598e+03
-2.914803582364301064e+02
-9.741289997325311845e+01
-3.161799285057423958e+02
-1.074407169261331489e+02
2.049179039728450960e+02
2.610333913795431044e+02
4.088686235110357643e+02
9.403248467111898208e+02
6.601039938249267607e+02
1.128684119357220510e+02
7.375368143872283611e+01
9.763388392401496674e+01
5.075390625000000000e+01
1.914062500000000000e-01
-1.406250000000000000e-01
0.000000000000000000e+00
0.000000000000000000e+00
0.000000000000000000e+00
-9.179687500000000000e-02
9.423014559228776932e+01
1.332081490795799539e+02
1.740297896558450930e+02
6.529415012465076273e+00
2.229881474891166135e+02
1.096740869843653627e+03
8.089210937781072630e+01
-7.446627999877339334e+02
-7.794349641754280356e+02
-4.951548361845233330e+02
-5.230449261921763764e+02
-3.241199171470617557e+02
-5.786886947552770977e+01
-6.487262332146235622e+01
-2.847031154923041996e+01
1.737535700154352867e+02
5.655282527781936324e+02
1.010076797758297147e+02
2.863281250000000000e+00
-1.685546875000000000e+00
-2.226562500000000000e-01
3.085937500000000000e-01
5.664062500000000000e-01
0.000000000000000000e+00
0.000000000000000000e+00
0.000000000000000000e+00
0.000000000000000000e+00
1.953125000000000000e-03
-4.433593750000000000e-01
1.773061812691652150e+01
5.415934872056317317e+01
1.667301486636061725e+02
1.891399758373459576e+02
5.208659189187800393e+02
8.382886420614588587e+02
2.684971999962231166e+02
-2.054601777803452194e+02
-3.827617217809742556e+02
-4.968607924437781094e+02
-3.866409528904014081e+01
8.027850270733767957e+01
8.615740895733765115e+01
2.563928955459360992e+01
1.190820312500000000e+01
1.109960937500000000e+01
8.019531250000000000e+00
1.148437500000000000e+00
-2.089843750000000000e-01
-2.500000000000000000e-01
6.640625000000000000e-02
3.515625000000000000e-02
0.000000000000000000e+00
0.000000000000000000e+00
0.000000000000000000e+00
0.000000000000000000e+00
0.000000000000000000e+00
0.000000000000000000e+00
1.601562500000000000e-01
3.867187500000000000e-01
2.519531250000000000e-01
6.835937500000000000e-01
2.187500000000000000e-01
-3.053235890653765328e+00
-2.821385186289121094e+01
4.030478527981686057e+02
1.560238890603619950e+02
1.212304687500000000e+01
8.166015625000000000e+00
1.263671875000000000e+00
-4.062500000000000000e-01
-9.570312500000000000e-02
0.000000000000000000e+00
0.000000000000000000e+00
0.000000000000000000e+00
0.000000000000000000e+00
0.000000000000000000e+00
0.000000000000000000e+00
0.000000000000000000e+00
0.000000000000000000e+00
0.000000000000000000e+00
0.000000000000000000e+00
0.000000000000000000e+00
0.000000000000000000e+00
0.000000000000000000e+00
0.000000000000000000e+00
0.000000000000000000e+00
0.000000000000000000e+00
0.000000000000000000e+00
0.000000000000000000e+00
0.000000000000000000e+00
1.445312500000000000e-01
8.203125000000000000e-02
0.000000000000000000e+00
0.000000000000000000e+00
6.250000000000000000e-01
1.865234375000000000e+00
6.250000000000000000e-01
0.000000000000000000e+00
0.000000000000000000e+00
0.000000000000000000e+00
0.000000000000000000e+00
0.000000000000000000e+00
0.000000000000000000e+00
0.000000000000000000e+00
0.000000000000000000e+00
0.000000000000000000e+00
0.000000000000000000e+00
0.000000000000000000e+00
0.000000000000000000e+00
0.000000000000000000e+00
0.000000000000000000e+00
0.000000000000000000e+00
0.000000000000000000e+00
0.000000000000000000e+00
0.000000000000000000e+00
0.000000000000000000e+00
0.000000000000000000e+00
0.000000000000000000e+00
0.000000000000000000e+00
0.000000000000000000e+00
0.000000000000000000e+00
0.000000000000000000e+00
0.000000000000000000e+00
0.000000000000000000e+00
0.000000000000000000e+00
0.000000000000000000e+00
0.000000000000000000e+00
0.000000000000000000e+00
0.000000000000000000e+00
0.000000000000000000e+00
0.000000000000000000e+00
0.000000000000000000e+00
0.000000000000000000e+00
0.000000000000000000e+00
0.000000000000000000e+00
0.000000000000000000e+00
2.768942247897409743e+03
