-3.486076812930305469e+00
-4.170196551786036210e+00
1.406900408511877476e-01
1.406900408511877476e-01
1.406900408511877476e-01
1.406900408511877476e-01
1.406900408511877476e-01
1.406900408511877476e-01
1.406900408511877476e-01
1.406900408511877476e-01
1.406900408511877476e-01
1.406900408511877476e-01
1.406900408511877476e-01
1.406900408511877476e-01
1.406900408511877476e-01
1.406900408511877476e-01
1.406900408511877476e-01
1.406900408511877476e-01
1.406900408511877476e-01
1.406900408511877476e-01
1.406900408511877476e-01
1.406900408511877476e-01
1.406900408511877476e-01
1.406900408511877476e-01
1.406900408511877476e-01
1.406900408511877476e-01
1.406900408511877476e-01
1.406900408511877476e-01
1.406900408511877476e-01
1.406900408511877476e-01
1.406900408511877476e-01
1.406900408511877476e-01
1.406900408511877476e-01
1.406900408511877476e-01
1.406900408511877476e-01
1.406900408511877476e-01
1.406900408511877476e-01
1.406900408511877476e-01
1.406900408511877476e-01
1.406900408511877476e-01
1.406900408511877476e-01
1.406900408511877476e-01
1.406965398441981652e-01
1.407093862681227936e-01
1.407146673076173915e-01
1.406703239383630955e-01
1.406056745233749961e-01
1.406048938395240977e-01
1.406090959531811346e-01
1.406090959531811346e-01
1.406090959531811346e-01
1.406090959531811346e-01
1.406090959531811346e-01
1.406090959531811346e-01
1.406090959531811346e-01
1.406090959531811346e-01
1.406090959531811346e-01
1.406090959531811346e-01
1.406090959531811346e-01
1.406090959531811346e-01
1.406090959531811346e-01
1.406090959531811346e-01
1.406100330632928663e-01
1.406103562061941925e-01
1.406103562061941925e-01
1.406201318489894436e-01
1.406253741194960216e-01
1.406259436319887424e-01
1.406259436319887424e-01
1.406195072278013380e-01
1.406101639669141423e-01
1.405829488187235465e-01
1.404797309469738298e-01
1.402943474870019525e-01
1.399826539909884981e-01
1.397779783506633844e-01
1.397018148418302796e-01
1.396778102907056673e-01
1.396471719196987482e-01
1.396390597004690537e-01
1.396390597004690537e-01
1.396390597004690537e-01
1.396390597004690537e-01
1.396390597004690537e-01
1.396390597004690537e-01
1.396390597004690537e-01
1.396390597004690537e-01
1.396390597004690537e-01
1.396390597004690537e-01
1.396390597004690537e-01
1.396417741388653322e-01
1.396461421517611601e-01
1.396673547390034631e-01
1.396835177571495723e-01
1.396876913741571247e-01
1.396923599383035064e-01
1.396913302286526271e-01
1.397129500012914416e-01
1.397998032425571135e-01
1.397753345488192689e-01
1.392727587886441742e-01
1.385602378880299301e-01
1.379223065691490280e-01
1.375137162298087634e-01
1.371214885738989142e-01
1.368825041000218679e-01
1.367441043375381138e-01
1.366321254183453238e-01
1.365904443403118396e-01
1.365653517831131036e-01
1.365673320643298883e-01
1.365850431399915077e-01
1.365901135896072371e-01
1.365901135896072371e-01
1.365901135896072371e-01
1.365901135896072371e-01
1.365901135896072371e-01
1.365901135896072371e-01
1.365994240697718520e-01
1.365993566070697607e-01
1.365996248716469796e-01
1.366013163796917229e-01
1.366239261742838440e-01
1.366420895478668018e-01
1.367438076803948188e-01
1.365955985173969711e-01
1.351989780245308193e-01
1.299349763594135065e-01
1.180074515513048067e-01
9.974970327972747242e-02
7.920324184055264893e-02
5.882016512240810513e-02
3.821070682272733471e-02
1.944836833293012504e-02
2.773837550406774329e-03
-9.346662904275269620e-03
-1.576052136667044704e-02
-1.857881545921408542e-02
-1.942156097286579577e-02
-1.960400188940653390e-02
-1.960222516619353553e-02
-1.960222516619353553e-02
-1.960222516619353553e-02
-1.960222516619353553e-02
-1.960222516619353553e-02
-1.961148366849169503e-02
-1.961352110260200857e-02
-1.963888772806882468e-02
-1.970695682426177112e-02
-1.978276927363559548e-02
-1.973200914559031585e-02
-1.933601903266785396e-02
-1.828035020253787959e-02
-1.665620013393582025e-02
-1.597903779939663718e-02
-2.117699894423935927e-02
-3.838980671641054748e-02
-6.680189903137721819e-02
-1.014604851962923465e-01
-1.357428089052928055e-01
-1.680935369988920958e-01
-1.976074160271130697e-01
-2.221997452917741089e-01
-2.403494815251490113e-01
-2.504394766298612129e-01
-2.546485573235675037e-01
-2.562329787370816181e-01
-2.566506620430788477e-01
-2.566566427701035824e-01
-2.566651789252196725e-01
-2.566651789252196725e-01
-2.566651789252196725e-01
-2.566651789252196725e-01
-2.566674933141783743e-01
-2.567120539984879546e-01
-2.567313249069675951e-01
-2.567264829925985925e-01
-2.566757597753055453e-01
-2.562605570281217826e-01
-2.547614509346936007e-01
-2.511380360013195645e-01
-2.450008938374106382e-01
-2.385810004441275556e-01
-2.384021058311154295e-01
-2.538774787364757035e-01
-2.868100179626804636e-01
-3.294828522954713623e-01
-3.716777798432822078e-01
-4.076500330680523643e-01
-4.368732767971106323e-01
-4.571868160464169772e-01
-4.688176631845955011e-01
-4.732053608300865744e-01
-4.742659911122995009e-01
-4.746196726394209531e-01
-4.748475189742744629e-01
-4.748350905562570556e-01
-4.748263982774172387e-01
-4.748199066313076866e-01
-4.748199066313076866e-01
-4.748199066313076866e-01
-4.748314488512643816e-01
-4.748406124628015146e-01
-4.748577939523659364e-01
-4.747833045779745742e-01
-4.744422545591937546e-01
-4.731266585284668036e-01
-4.694544497219836909e-01
-4.616019511719755553e-01
-4.493165645708898648e-01
-4.355209173920957522e-01
-4.298773517925293941e-01
-4.459852395120253998e-01
-4.862448823620642013e-01
-5.415290688532639063e-01
-5.958731773415208988e-01
-6.378679754957194969e-01
-6.628650830254529946e-01
-6.729164163189123027e-01
-6.723580691268205012e-01
-6.675176357421539475e-01
-6.630689287005144816e-01
-6.609864718629887559e-01
-6.606028872100588867e-01
-6.605531216267370720e-01
-6.605556966988375134e-01
-6.605419985034826080e-01
-6.605419985034826080e-01
-6.605419985034826080e-01
-6.605403015150981272e-01
-6.605538194157867249e-01
-6.605615047376109938e-01
-6.603703204150705997e-01
-6.595387712133520264e-01
-6.566172906572675938e-01
-6.494096108986757709e-01
-6.366114999790324358e-01
-6.176483232973264403e-01
-5.976461133756163502e-01
-5.889447785868078267e-01
-6.088396649001850403e-01
-6.630791063411896058e-01
-7.387898336522977782e-01
-8.109692555028560346e-01
-8.622867349395642034e-01
-8.851001604646346888e-01
-8.834978827555113323e-01
-8.691952521409296306e-01
-8.547897453673678481e-01
-8.446717668109877675e-01
-8.398792874434659605e-01
-8.387667461274490588e-01
-8.387381751082878534e-01
-8.387381751082878534e-01
-8.387381751082878534e-01
-8.387381751082878534e-01
-8.387461710594121822e-01
-8.387440893176874024e-01
-8.387497982288090181e-01
-8.387049795619760939e-01
-8.382882129421493911e-01
-8.363975319387255691e-01
-8.308321208567386318e-01
-8.196501572600085606e-01
-8.014007043833577537e-01
-7.771494288220315294e-01
-7.534429920014955595e-01
-7.446882661530584979e-01
-7.724076499510894589e-01
-8.458323588168210616e-01
-9.468982383668211877e-01
-1.037818320708891795e+00
-1.095688982912865539e+00
-1.116370781172957072e+00
-1.106447099058014194e+00
-1.083088657321615633e+00
-1.060795503473674684e+00
-1.045491219823577067e+00
-1.037953965727719696e+00
-1.036051246091704625e+00
-1.036020166949666921e+00
-1.036029579972805648e+00
-1.036029579972805648e+00
-1.036029579972805648e+00
-1.036042705918968521e+00
-1.036031983319771532e+00
-1.036022328621896582e+00
-1.035936254179879112e+00
-1.034935550118596614e+00
-1.031234816622559114e+00
-1.022299842666017033e+00
-1.006605222798404808e+00
-9.837015515749214511e-01
-9.563368424665081857e-01
-9.312710505008581219e-01
-9.253686346017626629e-01
-9.657523826362630626e-01
-1.064477996160847928e+00
-1.191501317394447534e+00
-1.293265306370270595e+00
-1.349853583773117593e+00
-1.364297008067192118e+00
-1.349661241392206223e+00
-1.321938124162556294e+00
-1.295241126277955290e+00
-1.275857059251448655e+00
-1.265539806270330248e+00
-1.262779100314824321e+00
-1.262738374519865703e+00
-1.262764506732925840e+00
-1.262770311991976202e+00
-1.262770311991976202e+00
-1.262778976434751010e+00
-1.262784153884886296e+00
-1.262795064016018154e+00
-1.262612174169694734e+00
-1.260796125716410865e+00
-1.254572324947209383e+00
-1.241624017021346171e+00
-1.221288130756135404e+00
-1.194474075305116623e+00
-1.165523850426639418e+00
-1.141962912195668478e+00
-1.142489544515365330e+00
-1.201540044431590681e+00
-1.329922045543517450e+00
-1.475180426923703658e+00
-1.577197716084518975e+00
-1.623382261472591681e+00
-1.629353628724646841e+00
-1.611891054705902215e+00
-1.583771454840640525e+00
-1.555504475379352103e+00
-1.533609555727031060e+00
-1.520969654352852141e+00
-1.517263618741124143e+00
-1.517197928468458246e+00
-1.517210693077272632e+00
-1.517223218169347243e+00
-1.517223218169347243e+00
-1.517221754494332275e+00
-1.517218149441964536e+00
-1.517243899979778599e+00
-1.516871390403815356e+00
-1.513588542612983590e+00
-1.504196977202906682e+00
-1.487134434586608878e+00
-1.462829499805161193e+00
-1.433404705977268323e+00
-1.404664886458593331e+00
-1.385215083963628802e+00
-1.394895659168969404e+00
-1.479922255668640441e+00
-1.633972482540732019e+00
-1.785997256908497421e+00
-1.878442812410860308e+00
-1.908976015181160557e+00
-1.906422361063828008e+00
-1.887708806986651888e+00
-1.860422280102821846e+00
-1.832049074628824714e+00
-1.809198132348774246e+00
-1.794956666522703914e+00
-1.790241737064732108e+00
-1.790115398439059868e+00
-1.790109514905121602e+00
-1.790124470194905948e+00
-1.790127145993377633e+00
-1.790121381158934932e+00
-1.790107541870886054e+00
-1.790094846938281359e+00
-1.789393991223151348e+00
-1.783983197838975743e+00
-1.771325775500950828e+00
-1.750356210288925185e+00
-1.722613820789384187e+00
-1.691799673629109657e+00
-1.665560005930730059e+00
-1.652495904126214166e+00
-1.677622851612788901e+00
-1.793283889855520785e+00
-1.960755500877505719e+00
-2.110568094762033553e+00
-2.184422887682246461e+00
-2.198690265992975235e+00
-2.190717452504397755e+00
-2.171542104782231419e+00
-2.144829394650849430e+00
-2.116524965497601940e+00
-2.093787703113603627e+00
-2.079179682523213835e+00
-2.073843983621060261e+00
-2.073645735043783134e+00
-2.073646710194299914e+00
-2.073646710194299914e+00
-2.073646710194299914e+00
-2.073646710194299914e+00
-2.073647569752557374e+00
-2.073642250031504375e+00
-2.072389466393565804e+00
-2.064582590399288708e+00
-2.048696070682887171e+00
-2.024092531468590916e+00
-1.993884817803402099e+00
-1.963901376876095783e+00
-1.942302892780431778e+00
-1.938583654672662471e+00
-1.986965067280819452e+00
-2.125721819488468611e+00
-2.296524226112283351e+00
-2.435117637276462688e+00
-2.485985716793114975e+00
-2.489134272158155525e+00
-2.478125759617721080e+00
-2.457586769468799837e+00
-2.430445716902284836e+00
-2.402741959773657676e+00
-2.380851921923243353e+00
-2.366904296563021148e+00
-2.361582529598415192e+00
-2.361344846070000614e+00
-2.361347142710656932e+00
-2.361347142710656932e+00
-2.361347142710656932e+00
-2.361347142710656932e+00
-2.361352142477922911e+00
-2.361339854841737029e+00
-2.359341240705048470e+00
-2.349086604219252195e+00
-2.330134527867921079e+00
-2.302710162422693330e+00
-2.271378657608480012e+00
-2.243629795648871550e+00
-2.228456027277913698e+00
-2.240310169232062165e+00
-2.314750903102202884e+00
-2.464460047639026818e+00
-2.632141580783753376e+00
-2.749823061015199244e+00
-2.781773272544440623e+00
-2.778778243165768380e+00
-2.764516486567858422e+00
-2.741596400041923509e+00
-2.713785267161949122e+00
-2.687407070193569503e+00
-2.667112517882674894e+00
-2.654671056908719073e+00
-2.650132091226241826e+00
-2.649927196756795666e+00
-2.649928115863253275e+00
-2.649928115863253275e+00
-2.649928115863253275e+00
-2.649934310619072697e+00
-2.649938072106028386e+00
-2.649876718841892576e+00
-2.647110044324628930e+00
-2.634862541840220729e+00
-2.613263807344856637e+00
-2.584005870670058158e+00
-2.552847243552724521e+00
-2.528955240634977564e+00
-2.524278797718737088e+00
-2.556949929402107635e+00
-2.650970925859940763e+00
-2.802365314749166281e+00
-2.957656506803263419e+00
-3.049840681831416767e+00
-3.070760286795004568e+00
-3.063720407525194034e+00
-3.045300478880319517e+00
-3.019446103702049911e+00
-2.991352814451586184e+00
-2.966758955317638780e+00
-2.949020031258819508e+00
-2.938963563411467028e+00
-2.935615593504603105e+00
-2.935481161468266542e+00
-2.935499257827400399e+00
-2.935497944419684480e+00
-2.935497944419684480e+00
-2.935518274168679831e+00
-2.935525331392929260e+00
-2.935442154521982872e+00
-2.931848969190764542e+00
-2.918303129073118285e+00
-2.895261746704369088e+00
-2.865160284922862566e+00
-2.835182724143313848e+00
-2.817166677254256513e+00
-2.827019609377223297e+00
-2.879529142712577539e+00
-2.984394009046064333e+00
-3.129911610736746397e+00
-3.262933388039700233e+00
-3.333199204586876796e+00
-3.346559503137689795e+00
-3.334617280893258595e+00
-3.311706000682722362e+00
-3.283857750983408152e+00
-3.256730244735127400e+00
-3.235215212836004994e+00
-3.220883827429819490e+00
-3.213845781185407979e+00
-3.211813870821831784e+00
-3.211778516394113048e+00
-3.211807427345523713e+00
-3.211796858144453815e+00
-3.211797261623093647e+00
-3.211800800371554132e+00
-3.211801602381401999e+00
-3.211712861137882236e+00
-3.207736817671190011e+00
-3.194128800165306536e+00
-3.170889457601099970e+00
-3.141113855311760794e+00
-3.113595496321641676e+00
-3.103899083447624996e+00
-3.127593212628531738e+00
-3.193158840202957371e+00
-3.299778523721062840e+00
-3.430033323034230364e+00
-3.538174616150378426e+00
-3.592444233385193364e+00
-3.599382609937661570e+00
-3.582211686149270768e+00
-3.555940201583695170e+00
-3.527957469056729245e+00
-3.504060837849563903e+00
-3.486801015347783306e+00
-3.476448083111281839e+00
-3.472069259114827666e+00
-3.471036818509596777e+00
-3.471063630079228801e+00
-3.471103426950581827e+00
-3.471133625287468938e+00
-3.471135642408661681e+00
-3.471141696263301490e+00
-3.471141833531275367e+00
-3.471060978926320040e+00
-3.467366202716336332e+00
-3.455009963014087582e+00
-3.433647451523767380e+00
-3.406300547088368269e+00
-3.383780919610300586e+00
-3.382179017829632706e+00
-3.415045821584604013e+00
-3.484592986791955838e+00
-3.582718255000027163e+00
-3.690365474145550273e+00
-3.774167463372689824e+00
-3.815015893520810941e+00
-3.816520691928913855e+00
-3.795837326373916909e+00
-3.768835850005223698e+00
-3.744050340388292319e+00
-3.725151468913577624e+00
-3.712694570614592848e+00
-3.706377586245666933e+00
-3.704230436432164097e+00
-3.703938331466948064e+00
-3.704013060129095258e+00
-3.704039979928817949e+00
-3.704057456178432517e+00
-3.704057456178432517e+00
-3.704044923413328583e+00
-3.704037405275826700e+00
-3.703960162692664149e+00
-3.701067276242829607e+00
-3.691565046041532128e+00
-3.674957471321925517e+00
-3.653812372154473742e+00
-3.638375549301152034e+00
-3.643135262281847808e+00
-3.677526938154284331e+00
-3.739846876428052802e+00
-3.819698063004882904e+00
-3.901849143279422449e+00
-3.964393804662756260e+00
-3.993665967227464364e+00
-3.991302027897067894e+00
-3.971114869782486956e+00
-3.948159626166813041e+00
-3.929291793113930176e+00
-3.916272103748418054e+00
-3.908889868582198446e+00
-3.905877382506327322e+00
-3.905135689528459686e+00
-3.905168117238975611e+00
-3.905246492284319082e+00
-3.905262681462094321e+00
-3.905262681462094321e+00
-3.905267589932947203e+00
-3.905269123829567590e+00
-3.905272007435421244e+00
-3.905219063251662348e+00
-3.903558358318369059e+00
-3.898172123680897272e+00
-3.888470101985141092e+00
-3.876559952350554283e+00
-3.870558128179567348e+00
-3.879733440983544668e+00
-3.908725433255732185e+00
-3.955141481188715780e+00
-4.010647221557931630e+00
-4.066671699704885512e+00
-4.110404198932396724e+00
-4.131454635220924487e+00
-4.129745675118327242e+00
-4.115015737391827244e+00
-4.099035684390143430e+00
-4.087262825369156971e+00
-4.080380397760777100e+00
-4.077324336961909879e+00
-4.076302766464271699e+00
-4.076138322122794477e+00
-4.076191262238973323e+00
-4.076224073119375291e+00
-4.076239562483333856e+00
-4.076239091437908968e+00
-4.076243846102626023e+00
-4.076245379863244978e+00
-4.076252413051165036e+00
-4.076241609204458882e+00
-4.075794890552112193e+00
-4.074642534354147472e+00
-4.072136507451487475e+00
-4.070735695193631543e+00
-4.076009456840459677e+00
-4.090937076393423411e+00
-4.116132406378273600e+00
-4.147550116325795955e+00
-4.182105337811396595e+00
-4.217018935375808297e+00
-4.248290989730188372e+00
-4.267291937331622265e+00
-4.271299443655632189e+00
-4.265816112640001379e+00
-4.258504932994970460e+00
-4.253506320154656350e+00
-4.251212825602049605e+00
-4.250437374455698247e+00
-4.250212612403672097e+00
-4.250145803271834666e+00
-4.250119338671879632e+00
-4.250147632941583709e+00
-4.250178693476284408e+00
-4.250177823082250228e+00
-4.250177823082250228e+00
-4.250177823082250228e+00
-4.250177823082250228e+00
-4.250178879044511859e+00
-4.250416167001850098e+00
-4.251484094705062944e+00
-4.253819695551122493e+00
-4.259309676812387480e+00
-4.271884684571084279e+00
-4.291604923712736053e+00
-4.315096727176351621e+00
-4.338039831059750995e+00
-4.360053660866018532e+00
-4.383755124374513201e+00
-4.408041727154767386e+00
-4.427108890854084322e+00
-4.435958340127456268e+00
-4.436844329419113109e+00
-4.435297833616861141e+00
-4.434342885648938193e+00
-4.434096470058227268e+00
-4.434071531763741802e+00
-4.434057898791213148e+00
-4.434032134521329382e+00
-4.434061338889419446e+00
-4.434097467529776182e+00
-4.434130827965024224e+00
-4.434130827965024224e+00
-4.434130827965024224e+00
-4.434130827965024224e+00
-4.434130827965024224e+00
-4.434130985991394880e+00
-4.434174873090903191e+00
-4.434684661742474887e+00
-4.435767519304425477e+00
-4.437779946032463840e+00
-4.441296320397761122e+00
-4.446364218183909145e+00
-4.451512965949547151e+00
-4.455551956949534542e+00
-4.458895745119498599e+00
-4.463631925650593857e+00
-4.469797096067832598e+00
-4.474344828906753335e+00
-4.476095103511170237e+00
-4.476202923701446679e+00
-4.476061370310215892e+00
-4.476063389203602583e+00
-4.476090261555167871e+00
-4.476160532791221058e+00
-4.476176641196108363e+00
-4.476186390619599109e+00
-4.476182901706273753e+00
-4.476195304995780333e+00
-4.476197802675621062e+00
-4.476197802675621062e+00
-4.476197802675621062e+00
-4.476197802675621062e+00
-4.476197802675621062e+00
-4.476197802675621062e+00
-4.476197802675621062e+00
-4.476206758363201033e+00
-4.476228242726101314e+00
-4.476254469260934954e+00
-4.476391243699932687e+00
-4.476597372253046103e+00
-4.476755535292657129e+00
-4.476863155569235531e+00
-4.477182469108733187e+00
-4.477754974883467298e+00
-4.478336558842237025e+00
-4.478541256312322361e+00
-4.478580690300340450e+00
-4.478557599797220234e+00
-4.478552052642818637e+00
-4.478552052642818637e+00
-4.478552052642818637e+00
-4.478552052642818637e+00
-4.478552052642818637e+00
-4.478552052642818637e+00
-4.478552052642818637e+00
-4.478552052642818637e+00
-4.478552052642818637e+00
-4.478552052642818637e+00
-4.478552052642818637e+00
-4.478552052642818637e+00
-4.478552052642818637e+00
-4.478552052642818637e+00
-4.478552052642818637e+00
-4.478552052642818637e+00
-4.478552052642818637e+00
-4.478552052642818637e+00
-4.478552052642818637e+00
-4.478552052642818637e+00
-4.478559723233368928e+00
-4.478564076814752326e+00
-4.478564076814752326e+00
-4.478564076814752326e+00
-4.478572280108352288e+00
-4.478596761239364454e+00
-4.478604964158265034e+00
-4.478604964158265034e+00
-4.478604964158265034e+00
-4.478604964158265034e+00
-4.478604964158265034e+00
-4.478604964158265034e+00
-4.478604964158265034e+00
-4.478604964158265034e+00
-4.478604964158265034e+00
-4.478604964158265034e+00
-4.478604964158265034e+00
-4.478604964158265034e+00
-4.478604964158265034e+00
-4.478604964158265034e+00
-4.478604964158265034e+00
-4.478604964158265034e+00
-4.478604964158265034e+00
-4.478604964158265034e+00
-4.478604964158265034e+00
-4.478604964158265034e+00
-4.478604964158265034e+00
-4.478604964158265034e+00
-4.478604964158265034e+00
-4.478604964158265034e+00
-4.478604964158265034e+00
-4.478604964158265034e+00
-4.478604964158265034e+00
-4.478604964158265034e+00
-4.478604964158265034e+00
-4.478604964158265034e+00
-4.478604964158265034e+00
-4.478604964158265034e+00
-4.478604964158265034e+00
-4.478604964158265034e+00
-4.478604964158265034e+00
-4.478604964158265034e+00
-4.478604964158265034e+00
-4.478604964158265034e+00
-4.478604964158265034e+00
-4.478604964158265034e+00
-4.478604964158265034e+00
-4.478604964158265034e+00
-4.478604964158265034e+00
-4.478604964158265034e+00
-4.478604964158265034e+00
-4.478604964158265034e+00
-4.478604964158265034e+00
-4.478604964158265034e+00
-4.478604964158265034e+00
-4.478604964158265034e+00
-4.478604964158265034e+00
-4.478604964158265034e+00
-4.478604964158265034e+00
-4.478604964158265034e+00
-4.478604964158265034e+00
-4.478604964158265034e+00
-4.478604964158265034e+00
-4.478604964158265034e+00
-4.478604964158265034e+00
-4.478604964158265034e+00
-4.478604964158265034e+00
-4.478604964158265034e+00
-4.478604964158265034e+00
-4.478604964158265034e+00
-4.478604964158265034e+00
-4.478604964158265034e+00
-4.478604964158265034e+00
-4.478604964158265034e+00
-4.478604964158265034e+00
-4.478604964158265034e+00
-4.478604964158265034e+00
-4.478604964158265034e+00
-4.478604964158265034e+00
-4.478604964158265034e+00
-4.478604964158265034e+00
-4.478604964158265034e+00
-4.478604964158265034e+00
-4.478604964158265034e+00
-4.478604964158265034e+00
-4.478602587270689384e+00
-4.478597888920646142e+00
-4.478595957471201316e+00
-4.478612485444635638e+00
-4.478638877849563826e+00
-4.478638777829571538e+00
-4.478636892448831119e+00
-4.478636892448831119e+00
-4.478636892448831119e+00
-4.478636892448831119e+00
-4.478636892448831119e+00
-4.478636892448831119e+00
-4.478636892448831119e+00
-4.478636892448831119e+00
-4.478636892448831119e+00
-4.478636892448831119e+00
-4.478636892448831119e+00
-4.478636892448831119e+00
-4.478636892448831119e+00
-4.478636892448831119e+00
-4.478636461385313794e+00
-4.478636312740327696e+00
-4.478636312740327696e+00
-4.478633789464295134e+00
-4.478631197010265907e+00
-4.478630736606328711e+00
-4.478630736606328711e+00
-4.478636546689298115e+00
-4.478645959282225419e+00
-4.478654618008739874e+00
-4.478686844927096899e+00
-4.478741420659918759e+00
-4.478839589810505117e+00
-4.478897624007396772e+00
-4.478917396738072654e+00
-4.478922339201176328e+00
-4.478927720846307636e+00
-4.478929480319429501e+00
-4.478929480319429501e+00
-4.478929480319429501e+00
-4.478929480319429501e+00
-4.478929480319429501e+00
-4.478929480319429501e+00
-4.478929480319429501e+00
-4.478929480319429501e+00
-4.478929480319429501e+00
-4.478929480319429501e+00
-4.478929480319429501e+00
-4.478928231698777296e+00
-4.478926754077974692e+00
-4.478922192454673379e+00
-4.478918367827947833e+00
-4.478916418437297153e+00
-4.478911408850109410e+00
-4.478910569185659440e+00
-4.478905485552145294e+00
-4.478889964204050500e+00
-4.478887267908085335e+00
-4.479061116432550449e+00
-4.479308937615570585e+00
-4.479517736876783118e+00
-4.479641062870644674e+00
-4.479775153556422751e+00
-4.479847577295650751e+00
-4.479892002653487637e+00
-4.479926115343937809e+00
-4.479927826985877104e+00
-4.479928678585224588e+00
-4.479925950511901789e+00
-4.479920105356985260e+00
-4.479918431956678049e+00
-4.479918431956678049e+00
-4.479918431956678049e+00
-4.479918431956678049e+00
-4.479918431956678049e+00
-4.479918431956678049e+00
-4.479916785396012457e+00
-4.479917245411371596e+00
-4.479915763949197327e+00
-4.479912430637792653e+00
-4.479897534897595790e+00
-4.479875994958318230e+00
-4.479840398904435972e+00
-4.479962210454171867e+00
-4.480703231057383107e+00
-4.483437814372727814e+00
-4.489630873313402049e+00
-4.498916979758307733e+00
-4.509070615579327423e+00
-4.518571633657167297e+00
-4.527488906044332850e+00
-4.535035619059948786e+00
-4.541351082009772000e+00
-4.545732228633038829e+00
-4.547939125795277704e+00
-4.548870453299283412e+00
-4.549155523200301587e+00
-4.549214968843154239e+00
-4.549213419005118553e+00
-4.549213419005118553e+00
-4.549213419005118553e+00
-4.549213419005118553e+00
-4.549213419005118553e+00
-4.549217890134141129e+00
-4.549221542684625419e+00
-4.549232596187183120e+00
-4.549250813473197042e+00
-4.549266034072976694e+00
-4.549238877676401671e+00
-4.549082613311064449e+00
-4.548735212675028450e+00
-4.548374498014108980e+00
-4.548921300914290811e+00
-4.553116584923369459e+00
-4.564141931034452426e+00
-4.581345996845300306e+00
-4.601580699122933993e+00
-4.620791837836105032e+00
-4.637527751083016625e+00
-4.651240356473088866e+00
-4.661593695628532430e+00
-4.668553800149036093e+00
-4.672076963826501839e+00
-4.673425876877203677e+00
-4.673917163438638056e+00
-4.674048775398855327e+00
-4.674050208338734080e+00
-4.674052897867888134e+00
-4.674052897867888134e+00
-4.674052897867888134e+00
-4.674052897867888134e+00
-4.674054015759779190e+00
-4.674068972481752127e+00
-4.674077530641486788e+00
-4.674065572737376328e+00
-4.674027792169813011e+00
-4.673866802056906522e+00
-4.673359720924267435e+00
-4.672206638786160937e+00
-4.670427539801361050e+00
-4.669280276158939813e+00
-4.672248436851170084e+00
-4.683920637773633544e+00
-4.704968707963178787e+00
-4.730647833877736019e+00
-4.754958814778344589e+00
-4.774567767287310360e+00
-4.789223525388866420e+00
-4.798568511607051335e+00
-4.803362412502746537e+00
-4.804946067412732447e+00
-4.805233200388460801e+00
-4.805317110001052328e+00
-4.805372751325933223e+00
-4.805369418816665572e+00
-4.805367165971532017e+00
-4.805366102636002168e+00
-4.805366102636002168e+00
-4.805366102636002168e+00
-4.805369816925988857e+00
-4.805373579063811462e+00
-4.805386299838247055e+00
-4.805359519343756602e+00
-4.805226481945993555e+00
-4.804772408361703384e+00
-4.803572022593140645e+00
-4.801091594796648820e+00
-4.797372029815630157e+00
-4.793823044226888541e+00
-4.795036678164679600e+00
-4.807409200179925790e+00
-4.832067586684821947e+00
-4.863425795350664771e+00
-4.892839595410162445e+00
-4.914961342963389157e+00
-4.928312726115226639e+00
-4.934163230099278152e+00
-4.934739184813754065e+00
-4.933214822865974014e+00
-4.931692311110417393e+00
-4.930980154615529187e+00
-4.930840882571633443e+00
-4.930823913076379128e+00
-4.930825857196243334e+00
-4.930823613044157838e+00
-4.930823613044157838e+00
-4.930823613044157838e+00
-4.930823333895231642e+00
-4.930828024301629142e+00
-4.930834890267757231e+00
-4.930774717817401509e+00
-4.930472914057640210e+00
-4.929496212235441988e+00
-4.927206722484880785e+00
-4.923172320480741604e+00
-4.917332816444865529e+00
-4.911666176068488099e+00
-4.911594070510851395e+00
-4.925428327572991094e+00
-4.955782642556762596e+00
-4.995224813813607057e+00
-5.030939434399542165e+00
-5.055671726758095730e+00
-5.067618983591939852e+00
-5.069128123604896174e+00
-5.065142150758664030e+00
-5.060549117763061489e+00
-5.057205872654527923e+00
-5.055623464583284488e+00
-5.055263021302506488e+00
-5.055254117602506980e+00
-5.055254117602506980e+00
-5.055254117602506980e+00
-5.055254117602506980e+00
-5.055258529290188818e+00
-5.055258064836712251e+00
-5.055260430899613411e+00
-5.055253355378889424e+00
-5.055117569718396098e+00
-5.054471802317731743e+00
-5.052654551434624608e+00
-5.049089379499175578e+00
-5.043334321541205867e+00
-5.035827682361507129e+00
-5.028875169582128990e+00
-5.028586061383634842e+00
-5.045287302221160175e+00
-5.083310468184180309e+00
-5.132512156857464092e+00
-5.174289061973327719e+00
-5.199853349846032202e+00
-5.209717433265550923e+00
-5.207899736189361306e+00
-5.201075077601105434e+00
-5.194147649206296791e+00
-5.189244383296335528e+00
-5.186801252068454104e+00
-5.186187713601201565e+00
-5.186178838533853863e+00
-5.186182278587651240e+00
-5.186182278587651240e+00
-5.186182278587651240e+00
-5.186189524030785591e+00
-5.186187131291999819e+00
-5.186184901331339248e+00
-5.186160508746166187e+00
-5.185826996861390370e+00
-5.184597471488208598e+00
-5.181723992311384919e+00
-5.176733065681075274e+00
-5.169529385772934305e+00
-5.161109403275590424e+00
-5.153806721727230311e+00
-5.154271735718433334e+00
-5.175463880787781079e+00
-5.223563065814355255e+00
-5.282813567175152158e+00
-5.327347868066615533e+00
-5.350642640993900301e+00
-5.356967880406696025e+00
-5.353129276319327445e+00
-5.344983191418254620e+00
-5.336861215326575092e+00
-5.330791713209007909e+00
-5.327512690336336121e+00
-5.326619438860772604e+00
-5.326608759284104266e+00
-5.326616405403953536e+00
-5.326617874897923599e+00
-5.326617874897923599e+00
-5.326620759734737476e+00
-5.326622461229238326e+00
-5.326625049383929777e+00
-5.326568522212097534e+00
-5.325956383119903492e+00
-5.323929697855847465e+00
-5.319784412746233926e+00
-5.313329114300449518e+00
-5.305001310403969939e+00
-5.296278895322096503e+00
-5.289558841450395121e+00
-5.291843514745389498e+00
-5.319699754840549133e+00
-5.379827099632542797e+00
-5.446070741757027989e+00
-5.489053359402710441e+00
-5.506791882819509709e+00
-5.509370742140045962e+00
-5.504426428650859293e+00
-5.496191926265339589e+00
-5.487691863073145271e+00
-5.480937604190398105e+00
-5.476962881247951387e+00
-5.475764831507982322e+00
-5.475746034965881748e+00
-5.475750211636002618e+00
-5.475754373232069483e+00
-5.475754373232069483e+00
-5.475754017555470199e+00
-5.475753746924731047e+00
-5.475760690403856046e+00
-5.475650446101280266e+00
-5.474574645988397492e+00
-5.471555628788275172e+00
-5.466107586931737927e+00
-5.458471515961752729e+00
-5.449543155519112503e+00
-5.441132295732689528e+00
-5.435747789913694561e+00
-5.440584849585942351e+00
-5.478011606909818809e+00
-5.549126584527623862e+00
-5.617743350266394486e+00
-5.655176535209818667e+00
-5.665987536417965487e+00
-5.665430551704059070e+00
-5.660070872078939885e+00
-5.652116983322979848e+00
-5.643634199397688178e+00
-5.636625162385794141e+00
-5.632193302487280562e+00
-5.630690883492508902e+00
-5.630650648563232608e+00
-5.630649981444094010e+00
-5.630655098303808614e+00
-5.630657243065954276e+00
-5.630655841975599429e+00
-5.630653628751552731e+00
-5.630655355870000989e+00
-5.630440350389914528e+00
-5.628698264902936899e+00
-5.624613834286989800e+00
-5.617958749223397774e+00
-5.609416444448747541e+00
-5.600313112590974640e+00
-5.592832945194373906e+00
-5.589333077887296497e+00
-5.598828037355968235e+00
-5.648722697551082916e+00
-5.726212596526352172e+00
-5.793149262794464960e+00
-5.821585517686926892e+00
-5.826220741710979922e+00
-5.823934195686234716e+00
-5.818442322155295443e+00
-5.810611906572685115e+00
-5.802161597958725991e+00
-5.795209877193023829e+00
-5.790700895968520001e+00
-5.789025844559830603e+00
-5.788963155203344257e+00
-5.788963728702928080e+00
-5.788963728702928080e+00
-5.788963728702928080e+00
-5.788963728702928080e+00
-5.788964406216528857e+00
-5.788974317305143558e+00
-5.788576314230201803e+00
-5.786065887655247764e+00
-5.780950831396140188e+00
-5.773257602092535024e+00
-5.764154014744686805e+00
-5.755499730333362152e+00
-5.749471539944831733e+00
-5.748592869197558741e+00
-5.765969413131859511e+00
-5.826599655022818069e+00
-5.905795780383265026e+00
-5.966931198308561335e+00
-5.985562862109233606e+00
-5.986473899560266432e+00
-5.983319647053857437e+00
-5.977382489263455057e+00
-5.969369902330615929e+00
-5.961082416174949827e+00
-5.954425667972287783e+00
-5.950148964969439902e+00
-5.948504336810781723e+00
-5.948425058465783621e+00
-5.948425691481645572e+00
-5.948425691481645572e+00
-5.948425691481645572e+00
-5.948425691481645572e+00
-5.948429634061241700e+00
-5.948434011046124681e+00
-5.947784306930618214e+00
-5.944511532703991463e+00
-5.938488546885572816e+00
-5.930088249056012728e+00
-5.920810258952041494e+00
-5.912913761876374963e+00
-5.908683836538600076e+00
-5.912554176204025680e+00
-5.940482064536528384e+00
-6.007170419158395447e+00
-6.084819306023184993e+00
-6.136315493556825373e+00
-6.147775254799551448e+00
-6.146836427009045423e+00
-6.142692303806111198e+00
-6.135972610698608776e+00
-6.127719992135087779e+00
-6.119813745191841292e+00
-6.113660342565513162e+00
-6.109885507096304735e+00
-6.108486123342984797e+00
-6.108419270117252609e+00
-6.108419523472921497e+00
-6.108419523472921497e+00
-6.108419523472921497e+00
-6.108421596717278135e+00
-6.108424330336163166e+00
-6.108410843693803827e+00
-6.107514255362449518e+00
-6.103653230212849223e+00
-6.096919234021630274e+00
-6.088088232302851566e+00
-6.078955060395202281e+00
-6.072135461429109426e+00
-6.070925423648024122e+00
-6.082180084645631979e+00
-6.119525148067864961e+00
-6.187694451747564273e+00
-6.259575578634397175e+00
-6.300189862620335646e+00
-6.308024961512241902e+00
-6.305917738149773299e+00
-6.300479564641040753e+00
-6.292822611738763783e+00
-6.284421071342045195e+00
-6.277029113457359699e+00
-6.271673044516216322e+00
-6.268647557566357165e+00
-6.267630430264532038e+00
-6.267586551502795089e+00
-6.267592266076054131e+00
-6.267591923505637652e+00
-6.267591923505637652e+00
-6.267598217118489856e+00
-6.267600357473050110e+00
-6.267580411736322077e+00
-6.266438666174337868e+00
-6.262206505227645437e+00
-6.255121760639429596e+00
-6.246100332287856105e+00
-6.237309571426944643e+00
-6.232116643272792800e+00
-6.235596738098998060e+00
-6.254902316748594870e+00
-6.298251415212192228e+00
-6.364148914519489608e+00
-6.426190130436953751e+00
-6.457942674686428575e+00
-6.463705476336194522e+00
-6.460183344666543093e+00
-6.453339334818803508e+00
-6.445010672250855777e+00
-6.436847055673670326e+00
-6.430376193522008066e+00
-6.426107309461876582e+00
-6.424007315252794115e+00
-6.423392702777992014e+00
-6.423379289768398337e+00
-6.423389503464953521e+00
-6.423387060099997825e+00
-6.423387224773829729e+00
-6.423388467363192689e+00
-6.423388710646364075e+00
-6.423365537663389802e+00
-6.422130047533741504e+00
-6.417910700023469417e+00
-6.410831089042684283e+00
-6.401908729216714278e+00
-6.393746546784001339e+00
-6.391085383280554311e+00
-6.399690185348653415e+00
-6.425099816636596017e+00
-6.470359988344291935e+00
-6.529948800095901618e+00
-6.581316079095692828e+00
-6.607186190779117396e+00
-6.611448751414133795e+00
-6.606463791447097833e+00
-6.598564460507734708e+00
-6.590168022937508141e+00
-6.583021282218840753e+00
-6.577916082419825727e+00
-6.574884699150423728e+00
-6.573591794178451408e+00
-6.573278108273420628e+00
-6.573283300514503935e+00
-6.573300170245115481e+00
-6.573312256885138538e+00
-6.573313080418046184e+00
-6.573316190746709253e+00
-6.573316167154469980e+00
-6.573295712141785430e+00
-6.572176253063570783e+00
-6.568404712172863924e+00
-6.561934116419216423e+00
-6.553762283281265866e+00
-6.547147479709707341e+00
-6.547398047984170688e+00
-6.560139377619972123e+00
-6.588429532402646061e+00
-6.631221774069455677e+00
-6.681601121005314781e+00
-6.722936187974553945e+00
-6.744233218946643404e+00
-6.747425247787891323e+00
-6.741597101258616220e+00
-6.733566988922429886e+00
-6.726218251073628807e+00
-6.720655902797208370e+00
-6.717052869822452976e+00
-6.715237871939912395e+00
-6.714617557523411051e+00
-6.714529274589668972e+00
-6.714548672980896526e+00
-6.714557176550968620e+00
-6.714565304626958664e+00
-6.714565304626958664e+00
-6.714561796524815662e+00
-6.714559677344983157e+00
-6.714537578749808944e+00
-6.713708849833761150e+00
-6.710891007080181936e+00
-6.705897148561806631e+00
-6.699678106705313496e+00
-6.695611958506614059e+00
-6.698777937604944555e+00
-6.713469618043827580e+00
-6.740588567277288945e+00
-6.777169924448507743e+00
-6.817506404746058735e+00
-6.850627385168245098e+00
-6.868310259799464745e+00
-6.871032655580496140e+00
-6.865825779516850247e+00
-6.859224048682627028e+00
-6.853787166671359898e+00
-6.850067750185445448e+00
-6.847970969985979650e+00
-6.847124737010616968e+00
-6.846911044974330451e+00
-6.846920305719280009e+00
-6.846942775434257555e+00
-6.846948725155527882e+00
-6.846948725155527882e+00
-6.846950390623291582e+00
-6.846950911087517966e+00
-6.846954651814691317e+00
-6.846942821741659913e+00
-6.846494096767813176e+00
-6.844968087682051561e+00
-6.842197784683939688e+00
-6.839045778930312736e+00
-6.838569204719664896e+00
-6.844363463164931716e+00
-6.858861202221415709e+00
-6.881915688583056578e+00
-6.910573159318385450e+00
-6.941508066787356768e+00
-6.967980181201777867e+00
-6.983589446645861898e+00
-6.987582686387511899e+00
-6.984697673461731426e+00
-6.980460515548308820e+00
-6.977274987073972312e+00
-6.975385504131644154e+00
-6.974539438708365680e+00
-6.974252436164412927e+00
-6.974203195194778715e+00
-6.974221660574002613e+00
-6.974234060904766608e+00
-6.974238899970025329e+00
-6.974238539275219750e+00
-6.974240153026016742e+00
-6.974240673595716089e+00
-6.974245352278156673e+00
-6.974242877604915236e+00
-6.974136055734120987e+00
-6.973902843201500446e+00
-6.973454515720806768e+00
-6.973859659295051472e+00
-6.977530955209548580e+00
-6.986091087595809768e+00
-7.000349208207762075e+00
-7.019053640086109880e+00
-7.040830992315967762e+00
-7.064290807620238866e+00
-7.086382506479377952e+00
-7.101628540012242752e+00
-7.108042272909802506e+00
-7.108453615913905566e+00
-7.106992126437244650e+00
-7.105822133559662745e+00
-7.105257394184953057e+00
-7.105055472627700652e+00
-7.104989990219316098e+00
-7.104970885401588276e+00
-7.104963558132244117e+00
-7.104973149212948869e+00
-7.104980876936966894e+00
-7.104980210464532320e+00
-7.104980210464532320e+00
-7.104980210464532320e+00
-7.104980210464532320e+00
-7.104980466248814963e+00
-7.105059925005058119e+00
-7.105461705425103247e+00
-7.106491953747866575e+00
-7.109072365018636930e+00
-7.114910865213058599e+00
-7.124691343429262247e+00
-7.137784701776798357e+00
-7.152573847343319358e+00
-7.168562319228648505e+00
-7.186107321510220913e+00
-7.203757462833708658e+00
-7.217452206195256181e+00
-7.224492816373453863e+00
-7.226482750615838668e+00
-7.226514998489657060e+00
-7.226412829946584182e+00
-7.226403486240220886e+00
-7.226403927434523311e+00
-7.226399977494148530e+00
-7.226390516337291459e+00
-7.226397129130939234e+00
-7.226403901063951807e+00
-7.226414768643012465e+00
-7.226414768643012465e+00
-7.226414768643012465e+00
-7.226414768643012465e+00
-7.226414768643012465e+00
-7.226414811200635668e+00
-7.226438018439543143e+00
-7.226638491932904529e+00
-7.227089541205836909e+00
-7.228056606106216364e+00
-7.229947046538191202e+00
-7.232983856577737569e+00
-7.236898709325272350e+00
-7.241151371489353394e+00
-7.245658843537741589e+00
-7.251030785975844495e+00
-7.256648791866895820e+00
-7.260633654737128850e+00
-7.262506645335855993e+00
-7.263013183375148785e+00
-7.263113623095575733e+00
-7.263153638289514546e+00
-7.263164204959275949e+00
-7.263188989450400257e+00
-7.263195319697837604e+00
-7.263201913639898422e+00
-7.263200535647731826e+00
-7.263205721510582080e+00
-7.263206705984197598e+00
-7.263206705984197598e+00
-7.263206705984197598e+00
-7.263206705984197598e+00
-7.263206705984197598e+00
-7.263206705984197598e+00
-7.263206705984197598e+00
-7.263211224505864649e+00
-7.263223234648743087e+00
-7.263237947482474866e+00
-7.263289916850171224e+00
-7.263369100237797582e+00
-7.263451170313532046e+00
-7.263545881158252726e+00
-7.263748139421169370e+00
-7.264072762141539741e+00
-7.264395021260929397e+00
-7.264494446173676678e+00
-7.264523579333451053e+00
-7.264520834468006782e+00
-7.264519672777817405e+00
-7.264519672777817405e+00
-7.264519672777817405e+00
-7.264519672777817405e+00
-7.264519672777817405e+00
-7.264519672777817405e+00
-7.264519672777817405e+00
-7.264519672777817405e+00
-7.264519672777817405e+00
-7.264519672777817405e+00
-7.264519672777817405e+00
-7.264519672777817405e+00
-7.264519672777817405e+00
-7.264519672777817405e+00
-7.264519672777817405e+00
-7.264519672777817405e+00
-7.264519672777817405e+00
-7.264519672777817405e+00
-7.264519672777817405e+00
-7.264519672777817405e+00
-7.264524922622820569e+00
-7.264527902278230087e+00
-7.264527902278230087e+00
-7.264527902278230087e+00
-7.264531213279704858e+00
-7.264541094836387103e+00
-7.264544406029374457e+00
-7.264544406029374457e+00
-7.264544406029374457e+00
-7.264544406029374457e+00
-7.264544406029374457e+00
-7.264544406029374457e+00
-7.264544406029374457e+00
-7.264544406029374457e+00
-7.264544406029374457e+00
-7.264544406029374457e+00
-7.264544406029374457e+00
-7.264544406029374457e+00
-7.264544406029374457e+00
-7.264544406029374457e+00
-7.264544406029374457e+00
-7.264544406029374457e+00
-7.264544406029374457e+00
-7.264544406029374457e+00
-7.264544406029374457e+00
-7.264544406029374457e+00
-7.264544406029374457e+00
-7.264544406029374457e+00
-7.264544406029374457e+00
-7.264544406029374457e+00
-7.264544406029374457e+00
-7.264544406029374457e+00
-7.264544406029374457e+00
-7.264544406029374457e+00
-7.264544406029374457e+00
-7.264544406029374457e+00
-7.264544406029374457e+00
-7.264544406029374457e+00
-7.264544406029374457e+00
-7.264544406029374457e+00
-7.264544406029374457e+00
-7.264544406029374457e+00
-7.264544406029374457e+00
-7.264544406029374457e+00
-7.264544406029374457e+00
-7.264544406029374457e+00
-7.386661739341507271e+00
-7.453325508915488840e+00
